41
0.00 63.93 71.43 75.54 79.87 73.22 66.17 58.50 77.89 74.48 71.37 67.66 62.36 73.86 80.31 69.16 69.57 69.45 66.78 66.34 67.97 66.01 80.02 66.52 64.05 72.59 72.60 75.62 71.38 65.21 71.88 71.11 73.30 72.39 72.26 64.22 78.82 74.38 60.54 63.74 56.86
63.93 0.00 11.48 18.22 22.85 9.79 11.31 6.28 14.28 11.19 7.85 11.80 11.87 10.37 16.44 5.59 9.32 7.41 6.22 8.44 16.04 8.51 16.11 11.61 5.73 10.89 9.97 12.16 8.34 8.68 11.26 13.62 12.20 10.44 8.77 10.95 14.89 10.46 11.10 8.74 7.50
71.43 11.48 0.00 24.57 28.22 6.33 7.95 13.85 9.09 13.68 6.55 9.54 11.21 6.66 12.14 11.37 10.82 14.41 5.56 5.10 8.24 5.42 12.26 9.91 7.84 11.02 14.50 7.24 13.15 6.23 10.65 10.88 17.64 11.19 6.41 11.25 11.83 9.55 12.88 7.71 15.60
75.54 18.22 24.57 0.00 4.82 18.49 19.63 23.97 18.93 11.16 18.03 16.63 20.67 18.40 17.89 14.00 23.43 11.10 22.13 24.79 32.08 25.05 17.31 17.16 23.27 22.28 10.07 18.91 11.55 25.62 23.77 27.62 6.94 21.77 18.19 18.14 16.35 15.50 21.43 26.25 24.56
79.87 22.85 28.22 4.82 0.00 21.96 24.00 28.71 21.53 14.55 21.80 20.96 25.31 21.76 19.90 18.29 27.32 15.57 26.35 28.98 36.03 29.26 19.36 21.60 27.69 25.80 14.01 21.96 15.64 29.88 27.38 31.30 11.01 25.32 21.82 22.75 18.65 18.80 26.16 30.62 29.34
73.22 9.79 6.33 18.49 21.96 0.00 7.06 14.72 4.67 7.43 10.72 6.30 10.91 11.21 7.35 6.69 5.99 9.28 7.02 8.82 14.46 9.20 7.22 7.29 9.66 11.33 8.56 10.94 7.49 10.06 5.45 9.39 11.64 11.19 10.30 9.49 6.34 9.25 12.76 11.38 16.36
66.17 11.31 7.95 19.63 24.00 7.06 0.00 7.69 11.72 10.72 5.22 9.63 12.68 7.70 14.24 5.71 5.80 8.54 10.87 5.44 13.11 5.61 14.01 10.58 11.11 7.46 10.21 9.46 8.50 6.05 7.73 10.17 13.01 7.05 6.10 11.07 12.92 8.64 5.74 6.62 9.31
58.50 6.28 13.85 23.97 28.71 14.72 7.69 0.00 19.39 17.44 12.90 9.66 13.04 15.37 21.92 11.85 11.69 13.58 8.52 9.04 14.97 8.84 21.67 8.56 6.01 14.39 16.25 17.11 14.62 8.37 14.04 14.79 18.36 14.11 13.78 6.50 20.55 16.19 11.38 7.38 13.77
77.89 14.28 9.09 18.93 21.53 4.67 11.72 19.39 0.00 8.15 6.53 10.64 15.55 13.96 10.63 10.24 9.72 12.06 11.51 12.93 17.18 13.32 10.26 11.71 14.22 6.66 10.15 10.85 9.81 14.21 8.20 11.73 12.72 6.52 5.63 13.98 9.02 4.59 17.40 15.62 21.03
74.48 11.19 13.68 11.16 14.55 7.43 10.72 17.44 8.15 0.00 7.34 7.93 13.41 7.27 8.15 5.60 12.88 5.23 12.46 14.94 21.59 15.26 7.59 8.95 14.39 11.26 10.17 7.78 9.24 16.00 12.83 16.75 4.58 10.78 7.28 10.96 6.31 4.34 14.91 16.99 18.68
71.37 7.85 6.55 18.03 21.80 10.72 5.22 12.90 6.53 7.34 0.00 4.42 9.02 11.26 9.03 5.20 5.54 8.06 5.65 7.82 14.25 8.18 8.83 5.37 8.13 4.47 7.96 4.32 6.61 8.99 5.79 9.59 11.10 8.77 9.72 7.55 7.81 10.97 10.87 10.19 14.52
67.66 11.80 9.54 16.63 20.96 6.30 9.63 9.66 10.64 7.93 4.42 0.00 5.59 6.84 12.71 9.61 7.69 5.56 5.58 8.24 15.80 8.47 12.38 9.78 6.76 8.24 7.21 8.60 5.49 9.00 9.06 12.21 9.97 7.72 5.30 11.61 11.16 6.72 7.26 9.65 11.06
62.36 11.87 11.21 20.67 25.31 10.91 12.68 13.04 15.55 13.41 9.02 5.59 0.00 11.54 17.96 7.85 8.98 9.87 5.65 7.24 14.52 7.21 17.70 4.49 10.60 11.17 12.34 13.32 10.67 7.16 11.18 12.86 14.65 10.81 9.92 11.67 16.55 12.15 10.61 6.88 5.54
73.86 10.37 6.66 18.40 21.76 11.21 7.70 15.37 13.96 7.27 11.26 6.84 11.54 0.00 6.71 7.04 6.49 9.51 7.65 9.40 14.85 9.78 6.58 7.85 10.31 13.53 8.56 10.34 7.60 10.65 5.76 9.69 11.60 13.29 11.34 10.07 5.74 10.17 13.39 11.99 17.00
80.31 16.44 12.14 17.89 19.90 7.35 14.24 21.92 10.63 8.15 9.03 12.71 17.96 6.71 0.00 11.74 12.75 12.91 14.35 15.92 20.19 16.31 10.39 13.84 17.01 9.72 10.41 5.21 10.58 17.19 11.26 14.72 12.41 9.56 8.20 16.14 9.81 6.04 19.78 18.58 23.50
69.16 5.59 11.37 14.00 18.29 6.69 5.71 11.85 10.24 5.60 5.20 9.61 7.85 7.04 11.74 0.00 9.80 10.83 8.14 10.80 18.22 11.05 11.32 10.56 9.44 9.61 4.57 8.59 11.05 11.62 10.74 14.25 7.29 9.07 5.85 5.36 10.01 5.77 9.31 12.33 13.08
69.57 9.32 10.82 23.43 27.32 5.99 5.80 11.69 9.72 12.88 5.54 7.69 8.98 6.49 12.75 9.80 0.00 12.88 10.65 10.30 8.72 10.47 12.77 7.92 5.70 10.01 13.38 7.58 11.89 4.60 11.29 4.52 16.50 10.53 5.71 9.09 12.12 9.09 10.65 6.07 13.45
69.45 7.41 14.41 11.10 15.57 9.28 8.54 13.58 12.06 5.23 8.06 5.56 9.87 9.51 12.91 10.83 12.88 0.00 11.13 13.80 21.29 14.03 12.40 6.06 12.17 12.53 12.77 10.81 9.45 14.56 13.75 17.32 4.79 11.99 8.58 7.27 11.07 7.48 10.97 15.15 14.53
66.78 6.22 5.56 22.13 26.35 7.02 10.87 8.52 11.51 12.46 5.65 5.58 5.65 7.65 14.35 8.14 10.65 11.13 0.00 10.66 10.26 10.99 14.24 5.39 11.50 5.88 12.37 9.21 10.71 11.79 5.59 7.40 15.35 5.63 6.29 6.03 13.34 9.49 7.32 4.57 10.27
66.34 8.44 5.10 24.79 28.98 8.82 5.44 9.04 12.93 14.94 7.82 8.24 7.24 9.40 15.92 10.80 10.30 13.80 10.66 0.00 7.69 10.52 15.89 7.99 12.94 6.53 14.98 10.71 13.34 11.32 5.55 5.78 17.98 6.50 8.29 8.29 15.13 11.65 8.59 12.06 10.76
67.97 16.04 8.24 32.08 36.03 14.46 13.11 14.97 17.18 21.59 14.25 15.80 14.52 14.85 20.19 18.22 8.72 21.29 10.26 7.69 0.00 7.56 20.36 15.65 10.43 10.81 22.07 15.46 20.53 7.39 9.15 5.47 25.17 11.16 14.35 15.92 20.03 17.67 15.46 7.77 16.42
66.01 8.51 5.42 25.05 29.26 9.20 5.61 8.84 13.32 15.26 8.18 8.47 7.21 9.78 16.31 11.05 10.47 14.03 10.99 10.52 7.56 0.00 16.27 8.17 13.26 6.91 15.27 11.10 13.62 11.65 5.90 5.95 18.26 6.88 8.66 8.38 15.52 12.01 8.49 12.24 10.55
80.02 16.11 12.26 17.31 19.36 7.22 14.01 21.67 10.26 7.59 8.83 12.38 17.70 6.58 10.39 11.32 12.77 12.40 14.24 15.89 20.36 16.27 0.00 13.51 16.88 9.79 9.86 5.19 10.07 17.16 11.36 14.91 11.83 9.61 8.03 15.82 9.79 5.67 19.50 18.53 23.24
66.52 11.61 9.91 17.16 21.60 7.29 10.58 8.56 11.71 8.95 5.37 9.78 4.49 7.85 13.84 10.56 7.92 6.06 5.39 7.99 15.65 8.17 13.51 0.00 6.11 8.86 8.06 9.63 6.35 8.61 9.52 12.41 10.67 8.37 6.27 11.42 12.30 7.86 6.12 9.10 9.93
64.05 5.73 7.84 23.27 27.69 9.66 11.11 6.01 14.22 14.39 8.13 6.76 10.60 10.31 17.01 9.44 5.70 12.17 11.50 12.94 10.43 13.26 16.88 6.11 0.00 8.55 13.95 11.91 12.24 10.30 8.05 8.98 16.72 8.34 8.86 5.66 15.92 11.89 5.37 11.78 7.76
72.59 10.89 11.02 22.28 25.80 11.33 7.46 14.39 6.66 11.26 4.47 8.24 11.17 13.53 9.72 9.61 10.01 12.53 5.88 6.53 10.81 6.91 9.79 8.86 8.55 0.00 12.26 4.69 11.03 7.79 10.27 5.58 15.38 9.14 12.17 10.61 9.29 7.04 12.98 9.27 16.13
72.60 9.97 14.50 10.07 14.01 8.56 10.21 16.25 10.15 10.17 7.96 7.21 12.34 8.56 10.41 4.57 13.38 12.77 12.37 14.98 22.07 15.27 9.86 8.06 13.95 12.26 0.00 9.43 11.17 15.93 13.72 17.55 11.86 11.75 8.16 9.77 8.56 5.89 13.66 16.75 17.35
75.62 12.16 7.24 18.91 21.96 10.94 9.46 17.11 10.85 7.78 4.32 8.60 13.32 10.34 5.21 8.59 7.58 10.81 9.21 10.71 15.46 11.10 5.19 9.63 11.91 4.69 9.43 0.00 8.73 11.99 6.33 10.10 12.31 4.45 11.66 11.86 4.60 9.03 15.17 13.38 18.76
71.38 8.34 13.15 11.55 15.64 7.49 8.50 14.62 9.81 9.24 6.61 5.49 10.67 7.60 10.58 11.05 11.89 9.45 10.71 13.34 20.53 13.62 10.07 6.35 12.24 11.03 11.17 8.73 0.00 14.26 12.40 16.16 4.66 10.50 6.94 8.13 8.74 5.28 12.05 15.05 15.78
65.21 8.68 6.23 25.62 29.88 10.06 6.05 8.37 14.21 16.00 8.99 9.00 7.16 10.65 17.19 11.62 4.60 14.56 11.79 11.32 7.39 11.65 17.16 8.61 10.30 7.79 15.93 11.99 14.26 0.00 6.75 6.46 18.88 7.77 9.50 8.58 16.39 12.84 8.28 10.67 10.05
71.88 11.26 10.65 23.77 27.38 5.45 7.73 14.04 8.20 12.83 5.79 9.06 11.18 5.76 11.26 10.74 11.29 13.75 5.59 5.55 9.15 5.90 11.36 9.52 8.05 10.27 13.72 6.33 12.40 6.75 0.00 11.33 16.85 10.78 5.59 11.00 10.92 8.67 12.90 8.24 15.79
71.11 13.62 10.88 27.62 31.30 9.39 10.17 14.79 11.73 16.75 9.59 12.21 12.86 9.69 14.72 14.25 4.52 17.32 7.40 5.78 5.47 5.95 14.91 12.41 8.98 5.58 17.55 10.10 16.16 6.46 11.33 0.00 20.69 6.01 9.48 13.41 14.62 12.61 14.33 7.74 16.49
73.30 12.20 17.64 6.94 11.01 11.64 13.01 18.36 12.72 4.58 11.10 9.97 14.65 11.60 12.41 7.29 16.50 4.79 15.35 17.98 25.17 18.26 11.83 10.67 16.72 15.38 11.86 12.31 4.66 18.88 16.85 20.69 0.00 14.87 11.28 12.05 10.64 8.79 15.75 19.62 19.26
72.39 10.44 11.19 21.77 25.32 11.19 7.05 14.11 6.52 10.78 8.77 7.72 10.81 13.29 9.56 9.07 10.53 11.99 5.63 6.50 11.16 6.88 9.61 8.37 8.34 9.14 11.75 4.45 10.50 7.77 10.78 6.01 14.87 0.00 11.92 10.16 9.04 6.60 12.63 9.23 15.85
72.26 8.77 6.41 18.19 21.82 10.30 6.10 13.78 5.63 7.28 9.72 5.30 9.92 11.34 8.20 5.85 5.71 8.58 6.29 8.29 14.35 8.66 8.03 6.27 8.86 12.17 8.16 11.66 6.94 9.50 5.59 9.48 11.28 11.92 0.00 8.47 7.06 10.22 11.77 10.76 15.40
64.22 10.95 11.25 18.14 22.75 9.49 11.07 6.50 13.98 10.96 7.55 11.61 11.67 10.07 16.14 5.36 9.09 7.27 6.03 8.29 15.92 8.38 15.82 11.42 5.66 10.61 9.77 11.86 8.13 8.58 11.00 13.41 12.05 10.16 8.47 0.00 14.60 10.17 11.02 8.69 7.75
78.82 14.89 11.83 16.35 18.65 6.34 12.92 20.55 9.02 6.31 7.81 11.16 16.55 5.74 9.81 10.01 12.12 11.07 13.34 15.13 20.03 15.52 9.79 12.30 15.92 9.29 8.56 4.60 8.74 16.39 10.92 14.62 10.64 9.04 7.06 14.60 0.00 4.43 18.33 17.72 22.09
74.38 10.46 9.55 15.50 18.80 9.25 8.64 16.19 4.59 4.34 10.97 6.72 12.15 10.17 6.04 5.77 9.09 7.48 9.49 11.65 17.67 12.01 5.67 7.86 11.89 7.04 5.89 9.03 5.28 12.84 8.67 12.61 8.79 6.60 10.22 10.17 4.43 0.00 13.92 14.04 17.69
60.54 11.10 12.88 21.43 26.16 12.76 5.74 11.38 17.40 14.91 10.87 7.26 10.61 13.39 19.78 9.31 10.65 10.97 7.32 8.59 15.46 8.49 19.50 6.12 5.37 12.98 13.66 15.17 12.05 8.28 12.90 14.33 15.75 12.63 11.77 11.02 18.33 13.92 0.00 7.69 13.13
63.74 8.74 7.71 26.25 30.62 11.38 6.62 7.38 15.62 16.99 10.19 9.65 6.88 11.99 18.58 12.33 6.07 15.15 4.57 12.06 7.77 12.24 18.53 9.10 11.78 9.27 16.75 13.38 15.05 10.67 8.24 7.74 19.62 9.23 10.76 8.69 17.72 14.04 7.69 0.00 8.97
56.86 7.50 15.60 24.56 29.34 16.36 9.31 13.77 21.03 18.68 14.52 11.06 5.54 17.00 23.50 13.08 13.45 14.53 10.27 10.76 16.42 10.55 23.24 9.93 7.76 16.13 17.35 18.76 15.78 10.05 15.79 16.49 19.26 15.85 15.40 7.75 22.09 17.69 13.13 8.97 0.00
0	0	1700	0	0	0
1	31	111	1	0	23
2	52	132	1	0	28
3	103	183	1	0	38
4	116	196	1	0	12
5	193	273	1	0	24
6	221	301	1	0	30
7	251	331	1	0	22
8	305	385	1	0	17
9	323	403	1	0	27
10	334	414	1	0	21
11	342	422	1	0	36
12	351	431	-1	4	0
13	369	449	1	0	20
14	378	458	1	0	25
15	409	489	1	0	32
16	435	515	1	0	26
17	476	556	-1	8	0
18	508	588	1	0	39
19	532	612	1	0	29
20	548	628	-1	13	0
21	563	643	-1	10	0
22	589	669	-1	7	0
23	610	690	-1	1	0
24	618	698	-1	5	0
25	630	710	-1	14	0
26	648	728	-1	16	0
27	661	741	-1	9	0
28	672	752	-1	2	0
29	697	777	-1	19	0
30	713	793	-1	6	0
31	737	817	1	0	34
32	799	879	-1	15	0
33	839	919	1	0	37
34	867	947	-1	31	0
35	887	967	1	0	40
36	918	998	-1	11	0
37	926	1006	-1	33	0
38	951	1031	-1	3	0
39	965	1045	-1	18	0
40	979	1059	-1	35	0
C:
0 3 3 3 3 3 3 3 3 3 3 3 3 3 3 3 3 3 3 3 3 3 3 3 3 3 3 3 3 3 3 3 3 3 3 3 3 3 3 3 3 3
1 0 1 1 1 1 1 1 1 1 1 1 1 1 1 1 1 1 1 1 1 1 1 1 1 1 1 1 1 1 1 1 1 1 1 1 1 1 1 1 1 1
1 1 0 1 1 1 1 1 1 1 1 1 1 1 1 1 1 1 1 1 1 1 1 1 1 1 1 1 1 1 1 1 1 1 1 1 1 1 1 1 1 1
2 2 2 0 2 2 2 2 2 2 2 2 2 2 2 2 2 2 2 2 2 2 2 2 2 2 2 2 2 2 2 2 2 2 2 2 2 2 2 2 2 2
2 2 2 2 0 2 2 2 2 2 2 2 2 2 2 2 2 2 2 2 2 2 2 2 2 2 2 2 2 2 2 2 2 2 2 2 2 2 2 2 2 2
1 1 1 1 1 0 1 1 1 1 1 1 1 1 1 1 1 1 1 1 1 1 1 1 1 1 1 1 1 1 1 1 1 1 1 1 1 1 1 1 1 1
1 1 1 1 1 1 0 1 1 1 1 1 1 1 1 1 1 1 1 1 1 1 1 1 1 1 1 1 1 1 1 1 1 1 1 1 1 1 1 1 1 1
1 1 1 1 1 1 1 0 1 1 1 1 1 1 1 1 1 1 1 1 1 1 1 1 1 1 1 1 1 1 1 1 1 1 1 1 1 1 1 1 1 1
1 1 1 1 1 1 1 1 0 1 1 1 1 1 1 1 1 1 1 1 1 1 1 1 1 1 1 1 1 1 1 1 1 1 1 1 1 1 1 1 1 1
1 1 1 1 1 1 1 1 1 0 1 1 1 1 1 1 1 1 1 1 1 1 1 1 1 1 1 1 1 1 1 1 1 1 1 1 1 1 1 1 1 1
1 1 1 1 1 1 1 1 1 1 0 1 1 1 1 1 1 1 1 1 1 1 1 1 1 1 1 1 1 1 1 1 1 1 1 1 1 1 1 1 1 1
1 1 1 1 1 1 1 1 1 1 1 0 1 1 1 1 1 1 1 1 1 1 1 1 1 1 1 1 1 1 1 1 1 1 1 1 1 1 1 1 1 1
1 1 1 1 1 1 1 1 1 1 1 1 0 1 1 1 1 1 1 1 1 1 1 1 1 1 1 1 1 1 1 1 1 1 1 1 1 1 1 1 1 1
1 1 1 1 1 1 1 1 1 1 1 1 1 0 1 1 1 1 1 1 1 1 1 1 1 1 1 1 1 1 1 1 1 1 1 1 1 1 1 1 1 1
1 1 1 1 1 1 1 1 1 1 1 1 1 1 0 1 1 1 1 1 1 1 1 1 1 1 1 1 1 1 1 1 1 1 1 1 1 1 1 1 1 1
1 1 1 1 1 1 1 1 1 1 1 1 1 1 1 0 1 1 1 1 1 1 1 1 1 1 1 1 1 1 1 1 1 1 1 1 1 1 1 1 1 1
1 1 1 1 1 1 1 1 1 1 1 1 1 1 1 1 0 1 1 1 1 1 1 1 1 1 1 1 1 1 1 1 1 1 1 1 1 1 1 1 1 1
1 1 1 1 1 1 1 1 1 1 1 1 1 1 1 1 1 0 1 1 1 1 1 1 1 1 1 1 1 1 1 1 1 1 1 1 1 1 1 1 1 1
1 1 1 1 1 1 1 1 1 1 1 1 1 1 1 1 1 1 0 1 1 1 1 1 1 1 1 1 1 1 1 1 1 1 1 1 1 1 1 1 1 1
1 1 1 1 1 1 1 1 1 1 1 1 1 1 1 1 1 1 1 0 1 1 1 1 1 1 1 1 1 1 1 1 1 1 1 1 1 1 1 1 1 1
1 1 1 1 1 1 1 1 1 1 1 1 1 1 1 1 1 1 1 1 0 1 1 1 1 1 1 1 1 1 1 1 1 1 1 1 1 1 1 1 1 1
1 1 1 1 1 1 1 1 1 1 1 1 1 1 1 1 1 1 1 1 1 0 1 1 1 1 1 1 1 1 1 1 1 1 1 1 1 1 1 1 1 1
1 1 1 1 1 1 1 1 1 1 1 1 1 1 1 1 1 1 1 1 1 1 0 1 1 1 1 1 1 1 1 1 1 1 1 1 1 1 1 1 1 1
1 1 1 1 1 1 1 1 1 1 1 1 1 1 1 1 1 1 1 1 1 1 1 0 1 1 1 1 1 1 1 1 1 1 1 1 1 1 1 1 1 1
1 1 1 1 1 1 1 1 1 1 1 1 1 1 1 1 1 1 1 1 1 1 1 1 0 1 1 1 1 1 1 1 1 1 1 1 1 1 1 1 1 1
1 1 1 1 1 1 1 1 1 1 1 1 1 1 1 1 1 1 1 1 1 1 1 1 1 0 1 1 1 1 1 1 1 1 1 1 1 1 1 1 1 1
1 1 1 1 1 1 1 1 1 1 1 1 1 1 1 1 1 1 1 1 1 1 1 1 1 1 0 1 1 1 1 1 1 1 1 1 1 1 1 1 1 1
1 1 1 1 1 1 1 1 1 1 1 1 1 1 1 1 1 1 1 1 1 1 1 1 1 1 1 0 1 1 1 1 1 1 1 1 1 1 1 1 1 1
1 1 1 1 1 1 1 1 1 1 1 1 1 1 1 1 1 1 1 1 1 1 1 1 1 1 1 1 0 1 1 1 1 1 1 1 1 1 1 1 1 1
1 1 1 1 1 1 1 1 1 1 1 1 1 1 1 1 1 1 1 1 1 1 1 1 1 1 1 1 1 0 1 1 1 1 1 1 1 1 1 1 1 1
1 1 1 1 1 1 1 1 1 1 1 1 1 1 1 1 1 1 1 1 1 1 1 1 1 1 1 1 1 1 0 1 1 1 1 1 1 1 1 1 1 1
1 1 1 1 1 1 1 1 1 1 1 1 1 1 1 1 1 1 1 1 1 1 1 1 1 1 1 1 1 1 1 0 1 1 1 1 1 1 1 1 1 1
1 1 1 1 1 1 1 1 1 1 1 1 1 1 1 1 1 1 1 1 1 1 1 1 1 1 1 1 1 1 1 1 0 1 1 1 1 1 1 1 1 1
1 1 1 1 1 1 1 1 1 1 1 1 1 1 1 1 1 1 1 1 1 1 1 1 1 1 1 1 1 1 1 1 1 0 1 1 1 1 1 1 1 1
1 1 1 1 1 1 1 1 1 1 1 1 1 1 1 1 1 1 1 1 1 1 1 1 1 1 1 1 1 1 1 1 1 1 0 1 1 1 1 1 1 1
1 1 1 1 1 1 1 1 1 1 1 1 1 1 1 1 1 1 1 1 1 1 1 1 1 1 1 1 1 1 1 1 1 1 1 0 1 1 1 1 1 1
1 1 1 1 1 1 1 1 1 1 1 1 1 1 1 1 1 1 1 1 1 1 1 1 1 1 1 1 1 1 1 1 1 1 1 1 0 1 1 1 1 1
1 1 1 1 1 1 1 1 1 1 1 1 1 1 1 1 1 1 1 1 1 1 1 1 1 1 1 1 1 1 1 1 1 1 1 1 1 0 1 1 1 1
1 1 1 1 1 1 1 1 1 1 1 1 1 1 1 1 1 1 1 1 1 1 1 1 1 1 1 1 1 1 1 1 1 1 1 1 1 1 0 1 1 1
1 1 1 1 1 1 1 1 1 1 1 1 1 1 1 1 1 1 1 1 1 1 1 1 1 1 1 1 1 1 1 1 1 1 1 1 1 1 1 0 1 1
1 1 1 1 1 1 1 1 1 1 1 1 1 1 1 1 1 1 1 1 1 1 1 1 1 1 1 1 1 1 1 1 1 1 1 1 1 1 1 1 0 1
3 3 3 3 3 3 3 3 3 3 3 3 3 3 3 3 3 3 3 3 3 3 3 3 3 3 3 3 3 3 3 3 3 3 3 3 3 3 3 3 3 0
Time:
0	15
15	30
30	45
45	60
60	75
75	90
90	105
105	120
120	135
135	150
150	165
165	180
180	195
195	210
210	225
225	240
240	255
255	270
270	285
285	300
300	315
315	330
330	345
345	360
360	375
375	390
390	405
405	420
420	435
435	450
450	465
465	480
480	495
495	510
510	525
525	540
540	555
555	570
570	585
585	600
600	615
615	630
630	645
645	660
660	675
675	690
690	705
705	720
720	735
735	750
750	765
765	780
780	795
795	810
810	825
825	840
840	855
855	870
870	885
885	900
900	915
915	930
930	945
945	960
960	975
975	990
990	1005
1005	1020
1020	1035
1035	1050
1050	1065
1065	1080
1080	2000
Speed:
0.925	0.85	0.925	1	0.8325	0.765	0.8325	0.9	0.4625	0.425	0.4625	0.5	0.30525	0.2805	0.30525	0.33	0.37	0.34	0.37	0.4	0.555	0.51	0.555	0.6	0.6475	0.595	0.6475	0.7	0.37	0.34	0.37	0.4	0.30525	0.2805	0.30525	0.33	0.4625	0.425	0.4625	0.5	0.6475	0.595	0.6475	0.7	0.74	0.68	0.74	0.8	0.6475	0.595	0.6475	0.7	0.4625	0.425	0.4625	0.5	0.555	0.51	0.555	0.6	0.6475	0.595	0.6475	0.7	0.8325	0.765	0.8325	0.9	0.925	0.85	0.925	1	1
0.925	0.85	0.925	1	0.8325	0.765	0.8325	0.9	0.4625	0.425	0.4625	0.5	0.30525	0.2805	0.30525	0.33	0.37	0.34	0.37	0.4	0.555	0.51	0.555	0.6	0.6475	0.595	0.6475	0.7	0.37	0.34	0.37	0.4	0.30525	0.2805	0.30525	0.33	0.4625	0.425	0.4625	0.5	0.6475	0.595	0.6475	0.7	0.74	0.68	0.74	0.8	0.6475	0.595	0.6475	0.7	0.4625	0.425	0.4625	0.5	0.555	0.51	0.555	0.6	0.6475	0.595	0.6475	0.7	0.8325	0.765	0.8325	0.9	0.925	0.85	0.925	1	1
0.925	0.85	0.925	1	0.8325	0.765	0.8325	0.9	0.4625	0.425	0.4625	0.5	0.30525	0.2805	0.30525	0.33	0.37	0.34	0.37	0.4	0.555	0.51	0.555	0.6	0.6475	0.595	0.6475	0.7	0.37	0.34	0.37	0.4	0.30525	0.2805	0.30525	0.33	0.4625	0.425	0.4625	0.5	0.6475	0.595	0.6475	0.7	0.74	0.68	0.74	0.8	0.6475	0.595	0.6475	0.7	0.4625	0.425	0.4625	0.5	0.555	0.51	0.555	0.6	0.6475	0.595	0.6475	0.7	0.8325	0.765	0.8325	0.9	0.925	0.85	0.925	1	1
