41
0.00 63.74 61.96 60.43 68.00 82.05 71.83 67.82 58.97 72.36 71.75 74.55 71.76 78.54 75.89 58.73 75.66 66.91 84.30 67.42 90.38 68.61 70.59 55.99 78.92 66.47 72.23 81.27 83.47 70.78 74.89 52.89 79.50 72.55 69.42 66.73 88.66 68.95 58.84 82.84 63.34
63.74 0.00 10.40 7.98 4.26 18.59 11.61 7.59 11.13 9.85 8.62 15.67 12.89 15.05 12.59 8.91 12.07 14.24 21.64 12.47 32.35 17.62 9.70 19.75 15.48 14.97 14.69 17.58 22.27 9.72 15.83 13.44 15.97 10.64 5.72 16.09 29.13 5.23 17.72 20.55 9.09
61.96 10.40 0.00 6.14 6.14 20.60 13.72 7.73 9.23 10.94 9.96 17.76 13.06 16.63 14.06 6.88 13.71 5.12 23.76 11.81 34.50 16.79 11.82 17.79 17.04 14.00 14.69 19.49 24.44 11.85 17.93 11.28 17.58 11.53 7.70 15.10 31.30 7.03 15.92 22.69 10.96
60.43 7.98 6.14 0.00 10.52 24.41 19.47 7.50 13.90 12.33 12.23 23.55 11.53 18.90 16.16 13.02 16.41 9.89 28.14 8.13 39.94 12.16 17.54 11.80 19.19 9.21 12.45 22.87 29.44 17.54 23.69 7.62 19.88 12.27 12.14 10.18 36.52 11.06 9.78 27.32 6.54
68.00 4.26 6.14 10.52 0.00 14.48 9.60 6.42 13.63 6.43 4.85 13.60 10.89 10.86 8.52 11.87 7.85 10.70 17.82 12.12 29.48 17.30 7.74 22.13 11.30 15.09 12.89 13.36 18.91 7.65 13.68 17.11 11.76 7.50 9.44 16.18 26.01 9.50 19.67 16.88 4.83
82.05 18.59 20.60 24.41 14.48 0.00 11.89 17.71 27.24 13.09 12.44 12.04 18.04 7.51 9.50 25.96 8.48 15.48 4.58 22.26 18.97 26.20 12.29 35.13 7.65 25.30 19.61 11.46 8.19 12.05 11.74 31.50 6.96 13.92 12.90 26.13 14.91 13.67 32.23 5.02 19.31
71.83 11.61 13.72 19.47 9.60 11.89 0.00 15.88 22.65 13.93 12.20 16.38 19.50 13.87 13.23 20.51 11.69 9.82 12.71 21.61 20.89 26.70 10.37 31.27 14.35 24.64 21.53 12.42 11.73 10.38 4.22 24.78 14.26 15.22 8.40 25.72 17.94 9.64 29.04 11.11 12.96
67.82 7.59 7.73 7.50 6.42 17.71 15.88 0.00 9.81 4.92 5.28 19.76 5.35 11.54 8.82 9.20 9.33 6.65 21.82 5.73 34.78 10.89 14.08 17.42 11.80 8.78 7.10 15.92 23.80 13.96 19.80 15.12 12.51 4.77 7.47 9.85 31.07 6.24 14.56 21.28 6.65
58.97 11.13 9.23 13.90 13.63 27.24 22.65 9.81 0.00 14.74 14.89 26.73 12.83 21.36 18.63 12.19 19.05 13.04 31.09 8.53 43.08 11.29 20.72 8.62 21.60 8.46 13.28 25.60 32.52 20.71 26.87 6.27 22.33 14.47 15.23 9.20 39.64 14.11 6.75 30.33 9.71
72.36 9.85 10.94 12.33 6.43 13.09 13.93 4.92 14.74 0.00 8.78 17.35 5.73 6.62 13.10 14.02 4.60 7.34 17.40 9.24 30.96 13.65 12.45 22.16 6.88 12.34 7.71 11.16 19.83 12.26 17.30 19.91 7.59 9.70 6.34 13.25 27.10 5.59 19.18 17.07 9.58
71.75 8.62 9.96 12.23 4.85 12.44 12.20 5.28 14.89 8.78 0.00 15.70 7.35 6.81 12.25 13.87 4.18 5.85 16.56 10.34 29.76 15.03 10.68 22.70 7.17 13.48 9.36 10.71 18.69 10.50 15.66 19.66 7.79 9.67 4.59 14.45 25.97 11.03 19.83 16.07 8.57
74.55 15.67 17.76 23.55 13.60 12.04 16.38 19.76 26.73 17.35 15.70 0.00 23.04 16.03 15.99 24.57 14.40 13.88 11.32 25.47 17.06 30.50 6.01 35.35 16.47 28.54 25.05 13.27 9.10 6.03 12.16 28.72 16.20 18.63 12.30 29.60 14.41 13.55 33.11 9.55 17.04
71.76 12.89 13.06 11.53 10.89 18.04 19.50 5.35 12.83 5.73 7.35 23.04 0.00 10.73 8.57 13.16 9.83 11.44 22.54 4.89 36.46 8.16 17.91 18.61 10.75 7.51 9.71 15.89 25.31 17.74 23.00 18.89 11.53 4.50 11.41 8.20 32.53 10.35 15.42 22.42 12.00
78.54 15.05 16.63 18.90 10.86 7.51 13.87 11.54 21.36 6.62 6.81 16.03 10.73 0.00 11.53 20.57 10.99 11.96 12.09 15.24 26.40 18.81 13.16 28.63 10.61 18.16 12.17 5.25 15.38 12.91 15.85 26.42 9.90 7.05 9.77 18.91 22.36 9.86 25.57 12.28 15.24
75.89 12.59 14.06 16.16 8.52 9.50 13.23 8.82 18.63 13.10 12.25 15.99 8.57 11.53 0.00 17.83 9.97 9.60 13.98 12.80 27.97 16.73 12.18 26.01 11.71 15.81 10.24 7.42 16.84 11.94 15.86 23.68 12.08 4.48 7.66 16.63 24.01 7.52 23.00 13.89 12.66
58.73 8.91 6.88 13.02 11.87 25.96 20.51 9.20 12.19 14.02 13.87 24.57 13.16 20.57 17.83 0.00 18.04 11.15 29.61 9.51 41.14 13.13 18.59 10.93 20.87 10.19 13.98 24.47 30.77 18.60 24.73 5.92 21.55 13.98 13.51 11.07 37.80 12.48 9.31 28.73 7.56
75.66 12.07 13.71 16.41 7.85 8.48 11.69 9.33 19.05 4.60 4.18 14.40 9.83 10.99 9.97 18.04 0.00 8.96 12.83 13.80 26.63 17.97 10.71 26.71 11.35 16.87 11.60 6.60 15.48 10.47 14.27 23.81 11.25 5.49 6.76 17.74 22.70 6.86 23.77 12.60 12.32
66.91 14.24 5.12 9.89 10.70 15.48 9.82 6.65 13.04 7.34 5.85 13.88 11.44 11.96 9.60 11.15 8.96 0.00 18.70 12.24 30.05 17.46 7.91 21.60 12.41 15.12 13.41 14.41 19.63 7.86 13.98 16.23 12.86 8.34 10.44 16.22 26.66 12.16 19.25 17.70 13.30
84.30 21.64 23.76 28.14 17.82 4.58 12.71 21.82 31.09 17.40 16.56 11.32 22.54 12.09 13.98 29.61 12.83 18.70 0.00 26.63 14.45 30.70 13.74 39.21 12.23 29.70 24.16 6.88 4.24 13.54 10.97 34.92 11.53 18.32 16.18 30.57 10.37 17.13 36.38 9.59 22.56
67.42 12.47 11.81 8.13 12.12 22.26 21.61 5.73 8.53 9.24 10.34 25.47 4.89 15.24 12.80 9.51 13.80 12.24 26.63 0.00 40.10 5.22 19.81 13.71 15.34 11.53 4.82 20.22 29.01 19.69 25.50 14.78 16.11 8.34 13.20 11.97 36.29 11.97 10.54 26.30 11.19
90.38 32.35 34.50 39.94 29.48 18.97 20.89 34.78 43.08 30.96 29.76 17.06 36.46 26.40 27.97 41.14 26.63 30.05 14.45 40.10 0.00 44.57 22.73 51.60 26.59 43.23 38.21 21.28 11.15 22.67 16.82 45.66 25.92 32.04 27.91 44.18 18.43 29.10 49.07 14.13 33.61
68.61 17.62 16.79 12.16 17.30 26.20 26.70 10.89 11.29 13.65 15.03 30.50 8.16 18.81 16.73 13.13 17.97 17.46 30.70 5.22 44.57 0.00 24.94 12.98 18.80 13.39 6.68 24.02 33.43 24.81 30.51 17.31 19.57 12.54 18.31 13.84 40.67 17.09 9.88 30.57 16.30
70.59 9.70 11.82 17.54 7.74 12.29 10.37 14.08 20.72 12.45 10.68 6.01 17.91 13.16 12.18 18.59 10.71 7.91 13.74 19.81 22.73 24.94 0.00 29.34 13.66 22.81 19.95 12.47 13.23 12.04 6.15 22.93 13.67 13.74 6.63 23.90 19.68 7.85 27.11 12.25 11.04
55.99 19.75 17.79 11.80 22.13 35.13 31.27 17.42 8.62 22.16 22.70 35.35 18.61 28.63 26.01 10.93 26.71 21.60 39.21 13.71 51.60 12.98 29.34 0.00 28.79 11.53 18.17 33.30 40.90 29.33 35.49 9.67 29.55 21.57 23.69 11.40 48.09 22.53 15.38 38.57 18.34
78.92 15.48 17.04 19.19 11.30 7.65 14.35 11.80 21.60 6.88 7.17 16.47 10.75 10.61 11.71 20.87 11.35 12.41 12.23 15.34 26.59 18.80 13.66 28.79 0.00 18.22 12.13 5.36 15.62 13.40 16.28 26.73 10.02 7.23 10.24 18.95 22.54 10.30 25.72 12.50 15.64
66.47 14.97 14.00 9.21 15.09 25.30 24.64 8.78 8.46 12.34 13.48 28.54 7.51 18.16 15.81 10.19 16.87 15.12 29.70 11.53 43.23 13.39 22.81 11.53 18.22 0.00 6.71 23.22 32.14 22.71 28.57 14.59 19.00 11.39 16.25 13.87 39.41 15.00 8.31 29.41 13.60
72.23 14.69 14.69 12.45 12.89 19.61 21.53 7.10 13.28 7.71 9.36 25.05 9.71 12.17 10.24 13.98 11.60 13.41 24.16 4.82 38.21 6.68 19.95 18.17 12.13 6.71 0.00 17.40 27.07 19.78 25.01 19.50 12.90 6.45 13.44 7.16 34.25 12.37 14.95 24.13 13.71
81.27 17.58 19.49 22.87 13.36 11.46 12.42 15.92 25.60 11.16 10.71 13.27 15.89 5.25 7.42 24.47 6.60 14.41 6.88 20.22 21.28 24.02 12.47 33.30 5.36 23.22 17.40 0.00 10.45 12.21 13.00 30.13 4.66 11.89 11.87 24.02 17.21 12.47 30.34 7.28 18.15
83.47 22.27 24.44 29.44 18.91 8.19 11.73 23.80 32.52 19.83 18.69 9.10 25.31 15.38 16.84 30.77 15.48 19.63 4.24 29.01 11.15 33.43 13.23 40.90 15.62 32.14 27.07 10.45 0.00 13.09 8.75 35.71 14.99 20.90 17.29 33.07 7.28 18.41 38.25 13.20 23.38
70.78 9.72 11.85 17.54 7.65 12.05 10.38 13.96 20.71 12.26 10.50 6.03 17.74 12.91 11.94 18.60 10.47 7.86 13.54 19.69 22.67 24.81 12.04 29.33 13.40 22.71 19.78 12.21 13.09 0.00 6.16 23.00 13.41 13.55 6.50 23.79 19.59 7.72 27.08 12.06 11.05
74.89 15.83 17.93 23.69 13.68 11.74 4.22 19.80 26.87 17.30 15.66 12.16 23.00 15.85 15.86 24.73 14.27 13.98 10.97 25.50 16.82 30.51 6.15 35.49 16.28 28.57 25.01 13.00 8.75 6.16 0.00 28.93 16.00 18.58 12.35 29.64 14.12 13.60 33.23 9.20 17.19
52.89 13.44 11.28 7.62 17.11 31.50 24.78 15.12 6.27 19.91 19.66 28.72 18.89 26.42 23.68 5.92 23.81 16.23 34.92 14.78 45.66 17.31 22.93 9.67 26.73 14.59 19.50 30.13 35.71 23.00 28.93 0.00 27.40 19.89 18.75 15.21 42.54 17.85 9.91 33.92 12.38
79.50 15.97 17.58 19.88 11.76 6.96 14.26 12.51 22.33 7.59 7.79 16.20 11.53 9.90 12.08 21.55 11.25 12.86 11.53 16.11 25.92 19.57 13.67 29.55 10.02 19.00 12.90 4.66 14.99 13.41 16.00 27.40 0.00 7.99 10.62 19.73 21.86 10.76 26.49 11.86 16.19
72.55 10.64 11.53 12.27 7.50 13.92 15.22 4.77 14.47 9.70 9.67 18.63 4.50 7.05 4.48 13.98 5.49 8.34 18.32 8.34 32.04 12.54 13.74 21.57 7.23 11.39 6.45 11.89 20.90 13.55 18.58 19.89 7.99 0.00 7.55 12.25 28.15 6.72 18.53 18.08 10.22
69.42 5.72 7.70 12.14 9.44 12.90 8.40 7.47 15.23 6.34 4.59 12.30 11.41 9.77 7.66 13.51 6.76 10.44 16.18 13.20 27.91 18.31 6.63 23.69 10.24 16.25 13.44 11.87 17.29 6.50 12.35 18.75 10.62 7.55 0.00 17.32 24.41 10.95 21.18 15.23 6.42
66.73 16.09 15.10 10.18 16.18 26.13 25.72 9.85 9.20 13.25 14.45 29.60 8.20 18.91 16.63 11.07 17.74 16.22 30.57 11.97 44.18 13.84 23.90 11.40 18.95 13.87 7.16 24.02 33.07 23.79 29.64 15.21 19.73 12.25 17.32 0.00 40.34 16.08 8.21 30.31 14.71
88.66 29.13 31.30 36.52 26.01 14.91 17.94 31.07 39.64 27.10 25.97 14.41 32.53 22.36 24.01 37.80 22.70 26.66 10.37 36.29 18.43 40.67 19.68 48.09 22.54 39.41 34.25 17.21 7.28 19.59 14.12 42.54 21.86 28.15 24.41 40.34 0.00 25.56 45.48 10.13 30.33
68.95 5.23 7.03 11.06 9.50 13.67 9.64 6.24 14.11 5.59 11.03 13.55 10.35 9.86 7.52 12.48 6.86 12.16 17.13 11.97 29.10 17.09 7.85 22.53 10.30 15.00 12.37 12.47 18.41 7.72 13.60 17.85 10.76 6.72 10.95 16.08 25.56 0.00 19.98 16.26 5.69
58.84 17.72 15.92 9.78 19.67 32.23 29.04 14.56 6.75 19.18 19.83 33.11 15.42 25.57 23.00 9.31 23.77 19.25 36.38 10.54 49.07 9.88 27.11 15.38 25.72 8.31 14.95 30.34 38.25 27.08 33.23 9.91 26.49 18.53 21.18 8.21 45.48 19.98 0.00 35.82 16.27
82.84 20.55 22.69 27.32 16.88 5.02 11.11 21.28 30.33 17.07 16.07 9.55 22.42 12.28 13.89 28.73 12.60 17.70 9.59 26.30 14.13 30.57 12.25 38.57 12.50 29.41 24.13 7.28 13.20 12.06 9.20 33.92 11.86 18.08 15.23 30.31 10.13 16.26 35.82 0.00 21.54
63.34 9.09 10.96 6.54 4.83 19.31 12.96 6.65 9.71 9.58 8.57 17.04 12.00 15.24 12.66 7.56 12.32 13.30 22.56 11.19 33.61 16.30 11.04 18.34 15.64 13.60 13.71 18.15 23.38 11.05 17.19 12.38 16.19 10.22 6.42 14.71 30.33 5.69 16.27 21.54 0.00
0	0	1700	0	0	0
1	30	110	1	0	29
2	49	129	1	0	31
3	60	140	1	0	18
4	77	157	1	0	7
5	120	200	1	0	33
6	164	244	1	0	14
7	232	312	-1	4	0
8	266	346	1	0	23
9	305	385	1	0	30
10	324	404	1	0	39
11	350	430	1	0	22
12	387	467	1	0	21
13	417	497	1	0	25
14	448	528	-1	6	0
15	504	584	1	0	28
16	545	625	1	0	36
17	562	642	1	0	37
18	592	672	-1	3	0
19	631	711	1	0	24
20	688	768	1	0	35
21	764	844	-1	12	0
22	826	906	-1	11	0
23	896	976	-1	8	0
24	945	1025	-1	19	0
25	976	1056	-1	13	0
26	986	1066	1	0	34
27	1014	1094	1	0	38
28	1030	1110	-1	15	0
29	1046	1126	-1	1	0
30	1055	1135	-1	9	0
31	1096	1176	-1	2	0
32	1131	1211	1	0	40
33	1142	1222	-1	5	0
34	1153	1233	-1	26	0
35	1178	1258	-1	20	0
36	1228	1308	-1	16	0
37	1254	1334	-1	17	0
38	1282	1362	-1	27	0
39	1327	1407	-1	10	0
40	1354	1434	-1	32	0
C:
0 3 3 3 3 3 3 3 3 3 3 3 3 3 3 3 3 3 3 3 3 3 3 3 3 3 3 3 3 3 3 3 3 3 3 3 3 3 3 3 3 3
1 0 1 1 1 1 1 1 1 1 1 1 1 1 1 1 1 1 1 1 1 1 1 1 1 1 1 1 1 1 1 1 1 1 1 1 1 1 1 1 1 1
1 1 0 1 1 1 1 1 1 1 1 1 1 1 1 1 1 1 1 1 1 1 1 1 1 1 1 1 1 1 1 1 1 1 1 1 1 1 1 1 1 1
1 1 1 0 1 1 1 1 1 1 1 1 1 1 1 1 1 1 1 1 1 1 1 1 1 1 1 1 1 1 1 1 1 1 1 1 1 1 1 1 1 1
1 1 1 1 0 1 1 1 1 1 1 1 1 1 1 1 1 1 1 1 1 1 1 1 1 1 1 1 1 1 1 1 1 1 1 1 1 1 1 1 1 1
1 1 1 1 1 0 1 1 1 1 1 1 1 1 1 1 1 1 1 1 1 1 1 1 1 1 1 1 1 1 1 1 1 1 1 1 1 1 1 1 1 1
1 1 1 1 1 1 0 1 1 1 1 1 1 1 1 1 1 1 1 1 1 1 1 1 1 1 1 1 1 1 1 1 1 1 1 1 1 1 1 1 1 1
1 1 1 1 1 1 1 0 1 1 1 1 1 1 1 1 1 1 1 1 1 1 1 1 1 1 1 1 1 1 1 1 1 1 1 1 1 1 1 1 1 1
1 1 1 1 1 1 1 1 0 1 1 1 1 1 1 1 1 1 1 1 1 1 1 1 1 1 1 1 1 1 1 1 1 1 1 1 1 1 1 1 1 1
1 1 1 1 1 1 1 1 1 0 1 1 1 1 1 1 1 1 1 1 1 1 1 1 1 1 1 1 1 1 1 1 1 1 1 1 1 1 1 1 1 1
1 1 1 1 1 1 1 1 1 1 0 1 1 1 1 1 1 1 1 1 1 1 1 1 1 1 1 1 1 1 1 1 1 1 1 1 1 1 1 1 1 1
1 1 1 1 1 1 1 1 1 1 1 0 1 1 1 1 1 1 1 1 1 1 1 1 1 1 1 1 1 1 1 1 1 1 1 1 1 1 1 1 1 1
1 1 1 1 1 1 1 1 1 1 1 1 0 1 1 1 1 1 1 1 1 1 1 1 1 1 1 1 1 1 1 1 1 1 1 1 1 1 1 1 1 1
1 1 1 1 1 1 1 1 1 1 1 1 1 0 1 1 1 1 1 1 1 1 1 1 1 1 1 1 1 1 1 1 1 1 1 1 1 1 1 1 1 1
1 1 1 1 1 1 1 1 1 1 1 1 1 1 0 1 1 1 1 1 1 1 1 1 1 1 1 1 1 1 1 1 1 1 1 1 1 1 1 1 1 1
1 1 1 1 1 1 1 1 1 1 1 1 1 1 1 0 1 1 1 1 1 1 1 1 1 1 1 1 1 1 1 1 1 1 1 1 1 1 1 1 1 1
1 1 1 1 1 1 1 1 1 1 1 1 1 1 1 1 0 1 1 1 1 1 1 1 1 1 1 1 1 1 1 1 1 1 1 1 1 1 1 1 1 1
1 1 1 1 1 1 1 1 1 1 1 1 1 1 1 1 1 0 1 1 1 1 1 1 1 1 1 1 1 1 1 1 1 1 1 1 1 1 1 1 1 1
2 2 2 2 2 2 2 2 2 2 2 2 2 2 2 2 2 2 0 2 2 2 2 2 2 2 2 2 2 2 2 2 2 2 2 2 2 2 2 2 2 2
1 1 1 1 1 1 1 1 1 1 1 1 1 1 1 1 1 1 1 0 1 1 1 1 1 1 1 1 1 1 1 1 1 1 1 1 1 1 1 1 1 1
3 3 3 3 3 3 3 3 3 3 3 3 3 3 3 3 3 3 3 3 0 3 3 3 3 3 3 3 3 3 3 3 3 3 3 3 3 3 3 3 3 3
2 2 2 2 2 2 2 2 2 2 2 2 2 2 2 2 2 2 2 2 2 0 2 2 2 2 2 2 2 2 2 2 2 2 2 2 2 2 2 2 2 2
1 1 1 1 1 1 1 1 1 1 1 1 1 1 1 1 1 1 1 1 1 1 0 1 1 1 1 1 1 1 1 1 1 1 1 1 1 1 1 1 1 1
2 2 2 2 2 2 2 2 2 2 2 2 2 2 2 2 2 2 2 2 2 2 2 0 2 2 2 2 2 2 2 2 2 2 2 2 2 2 2 2 2 2
1 1 1 1 1 1 1 1 1 1 1 1 1 1 1 1 1 1 1 1 1 1 1 1 0 1 1 1 1 1 1 1 1 1 1 1 1 1 1 1 1 1
1 1 1 1 1 1 1 1 1 1 1 1 1 1 1 1 1 1 1 1 1 1 1 1 1 0 1 1 1 1 1 1 1 1 1 1 1 1 1 1 1 1
1 1 1 1 1 1 1 1 1 1 1 1 1 1 1 1 1 1 1 1 1 1 1 1 1 1 0 1 1 1 1 1 1 1 1 1 1 1 1 1 1 1
1 1 1 1 1 1 1 1 1 1 1 1 1 1 1 1 1 1 1 1 1 1 1 1 1 1 1 0 1 1 1 1 1 1 1 1 1 1 1 1 1 1
2 2 2 2 2 2 2 2 2 2 2 2 2 2 2 2 2 2 2 2 2 2 2 2 2 2 2 2 0 2 2 2 2 2 2 2 2 2 2 2 2 2
1 1 1 1 1 1 1 1 1 1 1 1 1 1 1 1 1 1 1 1 1 1 1 1 1 1 1 1 1 0 1 1 1 1 1 1 1 1 1 1 1 1
1 1 1 1 1 1 1 1 1 1 1 1 1 1 1 1 1 1 1 1 1 1 1 1 1 1 1 1 1 1 0 1 1 1 1 1 1 1 1 1 1 1
2 2 2 2 2 2 2 2 2 2 2 2 2 2 2 2 2 2 2 2 2 2 2 2 2 2 2 2 2 2 2 0 2 2 2 2 2 2 2 2 2 2
1 1 1 1 1 1 1 1 1 1 1 1 1 1 1 1 1 1 1 1 1 1 1 1 1 1 1 1 1 1 1 1 0 1 1 1 1 1 1 1 1 1
1 1 1 1 1 1 1 1 1 1 1 1 1 1 1 1 1 1 1 1 1 1 1 1 1 1 1 1 1 1 1 1 1 0 1 1 1 1 1 1 1 1
1 1 1 1 1 1 1 1 1 1 1 1 1 1 1 1 1 1 1 1 1 1 1 1 1 1 1 1 1 1 1 1 1 1 0 1 1 1 1 1 1 1
2 2 2 2 2 2 2 2 2 2 2 2 2 2 2 2 2 2 2 2 2 2 2 2 2 2 2 2 2 2 2 2 2 2 2 0 2 2 2 2 2 2
3 3 3 3 3 3 3 3 3 3 3 3 3 3 3 3 3 3 3 3 3 3 3 3 3 3 3 3 3 3 3 3 3 3 3 3 0 3 3 3 3 3
1 1 1 1 1 1 1 1 1 1 1 1 1 1 1 1 1 1 1 1 1 1 1 1 1 1 1 1 1 1 1 1 1 1 1 1 1 0 1 1 1 1
2 2 2 2 2 2 2 2 2 2 2 2 2 2 2 2 2 2 2 2 2 2 2 2 2 2 2 2 2 2 2 2 2 2 2 2 2 2 0 2 2 2
2 2 2 2 2 2 2 2 2 2 2 2 2 2 2 2 2 2 2 2 2 2 2 2 2 2 2 2 2 2 2 2 2 2 2 2 2 2 2 0 2 2
1 1 1 1 1 1 1 1 1 1 1 1 1 1 1 1 1 1 1 1 1 1 1 1 1 1 1 1 1 1 1 1 1 1 1 1 1 1 1 1 0 1
3 3 3 3 3 3 3 3 3 3 3 3 3 3 3 3 3 3 3 3 3 3 3 3 3 3 3 3 3 3 3 3 3 3 3 3 3 3 3 3 3 0
Time:
0	15
15	30
30	45
45	60
60	75
75	90
90	105
105	120
120	135
135	150
150	165
165	180
180	195
195	210
210	225
225	240
240	255
255	270
270	285
285	300
300	315
315	330
330	345
345	360
360	375
375	390
390	405
405	420
420	435
435	450
450	465
465	480
480	495
495	510
510	525
525	540
540	555
555	570
570	585
585	600
600	615
615	630
630	645
645	660
660	675
675	690
690	705
705	720
720	735
735	750
750	765
765	780
780	795
795	810
810	825
825	840
840	855
855	870
870	885
885	900
900	915
915	930
930	945
945	960
960	975
975	990
990	1005
1005	1020
1020	1035
1035	1050
1050	1065
1065	1080
1080	2000
Speed:
0.925	0.85	0.925	1	0.8325	0.765	0.8325	0.9	0.4625	0.425	0.4625	0.5	0.30525	0.2805	0.30525	0.33	0.37	0.34	0.37	0.4	0.555	0.51	0.555	0.6	0.6475	0.595	0.6475	0.7	0.37	0.34	0.37	0.4	0.30525	0.2805	0.30525	0.33	0.4625	0.425	0.4625	0.5	0.6475	0.595	0.6475	0.7	0.74	0.68	0.74	0.8	0.6475	0.595	0.6475	0.7	0.4625	0.425	0.4625	0.5	0.555	0.51	0.555	0.6	0.6475	0.595	0.6475	0.7	0.8325	0.765	0.8325	0.9	0.925	0.85	0.925	1	1
0.925	0.85	0.925	1	0.8325	0.765	0.8325	0.9	0.4625	0.425	0.4625	0.5	0.30525	0.2805	0.30525	0.33	0.37	0.34	0.37	0.4	0.555	0.51	0.555	0.6	0.6475	0.595	0.6475	0.7	0.37	0.34	0.37	0.4	0.30525	0.2805	0.30525	0.33	0.4625	0.425	0.4625	0.5	0.6475	0.595	0.6475	0.7	0.74	0.68	0.74	0.8	0.6475	0.595	0.6475	0.7	0.4625	0.425	0.4625	0.5	0.555	0.51	0.555	0.6	0.6475	0.595	0.6475	0.7	0.8325	0.765	0.8325	0.9	0.925	0.85	0.925	1	1
0.925	0.85	0.925	1	0.8325	0.765	0.8325	0.9	0.4625	0.425	0.4625	0.5	0.30525	0.2805	0.30525	0.33	0.37	0.34	0.37	0.4	0.555	0.51	0.555	0.6	0.6475	0.595	0.6475	0.7	0.37	0.34	0.37	0.4	0.30525	0.2805	0.30525	0.33	0.4625	0.425	0.4625	0.5	0.6475	0.595	0.6475	0.7	0.74	0.68	0.74	0.8	0.6475	0.595	0.6475	0.7	0.4625	0.425	0.4625	0.5	0.555	0.51	0.555	0.6	0.6475	0.595	0.6475	0.7	0.8325	0.765	0.8325	0.9	0.925	0.85	0.925	1	1
