31
0.00 79.44 74.54 56.31 88.00 63.61 73.35 74.58 74.70 80.07 57.72 62.05 74.28 77.17 75.72 74.19 44.19 59.62 85.60 58.54 74.44 57.86 74.29 77.59 69.61 68.24 67.83 84.66 54.09 91.57 67.97
79.44 0.00 22.34 25.40 14.75 17.72 42.22 21.26 4.89 11.57 22.77 31.25 30.53 14.06 8.66 21.58 58.51 20.96 11.56 31.59 20.48 33.13 26.91 14.14 35.41 11.27 12.11 16.42 28.94 19.04 12.58
74.54 22.34 0.00 19.99 17.60 16.12 19.95 10.22 22.24 12.08 20.68 13.84 8.19 8.51 28.77 9.92 42.56 19.34 17.22 16.56 11.01 17.67 4.57 35.03 13.69 20.00 18.11 12.58 20.94 19.37 16.57
56.31 25.40 19.99 0.00 31.70 7.78 30.55 19.67 21.50 23.77 13.71 13.91 23.60 20.90 25.66 19.39 34.21 4.71 29.40 11.23 19.29 12.38 21.70 30.68 23.18 14.74 13.38 28.44 13.23 35.27 12.84
88.00 14.75 17.60 31.70 0.00 24.51 35.87 16.85 18.51 7.93 30.44 30.92 24.41 11.17 23.41 17.32 59.85 28.56 11.34 32.92 16.44 34.27 21.28 28.52 30.84 22.06 21.51 5.20 34.25 4.39 20.83
63.61 17.72 16.12 7.78 24.51 0.00 31.52 15.44 14.12 16.63 5.93 16.37 22.09 14.32 19.07 15.33 41.14 12.49 21.99 15.31 14.82 16.80 19.26 24.69 23.92 7.77 6.00 21.82 11.22 28.34 5.15
73.35 42.22 19.95 30.55 35.87 31.52 0.00 21.02 41.60 31.87 33.19 16.69 11.84 28.45 48.02 20.67 32.58 32.84 36.37 19.99 21.78 19.48 15.42 54.25 7.61 37.89 35.83 30.71 28.78 36.06 34.29
74.58 21.26 10.22 19.67 16.85 15.44 21.02 0.00 21.18 11.09 20.19 14.33 9.27 7.47 27.71 10.99 43.16 18.78 16.33 16.87 12.08 18.04 5.65 33.97 14.67 19.05 17.19 11.91 20.81 18.80 15.66
74.70 4.89 22.24 21.50 18.51 14.12 41.60 21.18 0.00 13.48 18.60 29.08 30.28 14.80 6.53 21.41 55.25 16.89 15.26 28.89 20.37 30.42 26.72 12.79 34.42 6.85 8.16 19.09 25.19 22.89 9.06
80.07 11.57 12.08 23.77 7.93 16.63 31.87 11.09 13.48 0.00 22.56 24.07 20.03 13.47 19.58 11.51 52.87 20.69 5.94 25.65 10.44 27.07 16.49 25.53 25.76 15.13 14.21 5.91 26.37 11.73 13.31
57.72 22.77 20.68 13.71 30.44 5.93 33.19 20.19 18.60 22.56 0.00 16.77 25.33 20.12 22.37 19.98 37.60 15.78 27.91 14.44 19.68 15.69 23.04 27.24 25.69 11.75 10.66 27.67 7.27 34.25 10.43
62.05 31.25 13.84 13.91 30.92 16.37 16.69 14.33 29.08 24.07 16.77 0.00 12.32 20.23 34.89 13.86 28.93 16.71 29.89 21.01 14.58 4.20 12.37 40.81 9.58 23.78 21.77 26.17 12.16 33.12 20.41
74.28 30.53 8.19 23.60 24.41 22.09 11.84 9.27 30.28 20.03 25.33 12.32 0.00 16.64 36.78 8.96 38.28 24.44 24.65 16.02 10.05 16.48 12.77 43.04 6.73 27.36 25.36 19.21 23.22 25.15 23.79
77.17 14.06 8.51 20.90 11.17 14.32 28.45 7.47 14.80 13.47 20.12 20.23 16.64 0.00 21.25 7.86 49.07 18.33 9.68 21.91 6.76 23.30 13.04 27.42 22.09 14.65 13.27 7.56 23.20 14.40 12.05
75.72 8.66 28.77 25.66 23.41 19.07 48.02 27.71 6.53 19.58 22.37 34.89 36.78 21.25 0.00 27.93 59.86 20.95 20.22 34.31 26.90 35.83 33.23 6.27 40.76 11.30 13.20 24.87 29.47 27.66 14.49
74.19 21.58 9.92 19.39 17.32 15.33 20.67 10.99 21.41 11.51 19.98 13.86 8.96 7.86 27.93 0.00 42.68 18.61 16.79 16.42 11.78 17.58 5.35 34.20 14.25 19.14 17.25 12.38 20.47 19.27 15.71
44.19 58.51 42.56 34.21 59.85 41.14 32.58 43.16 55.25 52.87 37.60 28.93 38.28 49.07 59.86 42.68 0.00 38.91 58.75 27.31 43.47 25.84 40.02 64.84 31.88 48.75 47.13 55.05 30.40 61.93 46.22
59.62 20.96 19.34 4.71 28.56 12.49 32.84 18.78 16.89 20.69 15.78 16.71 24.44 18.33 20.95 18.61 38.91 0.00 26.01 14.76 18.24 16.11 21.96 26.04 25.27 10.08 8.85 25.86 8.52 32.40 8.55
85.60 11.56 17.22 29.40 11.34 21.99 36.37 16.33 15.26 5.94 27.91 29.89 24.65 9.68 20.22 16.79 58.75 26.01 0.00 31.57 15.80 32.98 21.30 25.45 30.81 19.01 18.58 6.14 32.16 7.63 18.02
58.54 31.59 16.56 11.23 32.92 15.31 19.99 16.87 28.89 25.65 14.44 21.01 16.02 21.91 34.31 16.42 27.31 14.76 31.57 0.00 16.98 18.53 15.75 40.00 13.19 23.03 21.12 28.42 8.85 35.47 19.92
74.44 20.48 11.01 19.29 16.44 14.82 21.78 12.08 20.37 10.44 19.68 14.58 10.05 6.76 26.90 11.78 43.47 18.24 15.80 16.98 0.00 18.19 6.44 33.16 15.34 18.27 16.42 11.59 20.56 18.56 14.90
57.86 33.13 17.67 12.38 34.27 16.80 19.48 18.04 30.42 27.07 15.69 4.20 16.48 23.30 35.83 17.58 25.84 16.11 32.98 18.53 18.19 0.00 16.53 41.49 13.04 24.53 22.64 29.70 9.68 36.73 21.45
74.29 26.91 4.57 21.70 21.28 19.26 15.42 5.65 26.72 16.49 23.04 12.37 12.77 13.04 33.23 5.35 40.02 21.96 21.30 15.75 6.44 16.53 0.00 39.49 9.56 24.04 22.07 16.10 21.87 22.41 20.51
77.59 14.14 35.03 30.68 28.52 24.69 54.25 33.97 12.79 25.53 27.24 40.81 43.04 27.42 6.27 34.20 64.84 26.04 25.45 40.00 33.16 41.49 39.49 0.00 46.95 17.04 19.04 30.56 34.49 32.59 20.44
69.61 35.41 13.69 23.18 30.84 23.92 7.61 14.67 34.42 25.76 25.69 9.58 6.73 22.09 40.76 14.25 31.88 25.27 30.81 13.19 15.34 13.04 9.56 46.95 0.00 30.41 28.34 25.66 21.73 31.81 26.81
68.24 11.27 20.00 14.74 22.06 7.77 37.89 19.05 6.85 15.13 11.75 23.78 27.36 14.65 11.30 19.14 48.75 10.08 19.01 23.03 18.27 24.53 24.04 17.04 30.41 0.00 13.77 21.02 18.49 26.35 12.92
67.83 12.11 18.11 13.38 21.51 6.00 35.83 17.19 8.16 14.21 10.66 21.77 25.36 13.27 13.20 17.25 47.13 8.85 18.58 21.12 16.42 22.64 22.07 19.04 28.34 13.77 0.00 20.01 17.03 25.71 11.15
84.66 16.42 12.58 28.44 5.20 21.82 30.71 11.91 19.09 5.91 27.67 26.17 19.21 7.56 24.87 12.38 55.05 25.86 6.14 28.42 11.59 29.70 16.10 30.56 25.66 21.02 20.01 0.00 30.62 7.08 19.02
54.09 28.94 20.94 13.23 34.25 11.22 28.78 20.81 25.19 26.37 7.27 12.16 23.22 23.20 29.47 20.47 30.40 8.52 32.16 8.85 20.56 9.68 21.87 34.49 21.73 18.49 17.03 30.62 0.00 37.59 16.37
91.57 19.04 19.37 35.27 4.39 28.34 36.06 18.80 22.89 11.73 34.25 33.12 25.15 14.40 27.66 19.27 61.93 32.40 7.63 35.47 18.56 36.73 22.41 32.59 31.81 26.35 25.71 7.08 37.59 0.00 24.94
67.97 12.58 16.57 12.84 20.83 5.15 34.29 15.66 9.06 13.31 10.43 20.41 23.79 12.05 14.49 15.71 46.22 8.55 18.02 19.92 14.90 21.45 20.51 20.44 26.81 12.92 11.15 19.02 16.37 24.94 0.00
0	0	1700	0	0	0
1	52	132	1	0	23
2	78	158	1	0	7
3	121	201	1	0	20
4	210	290	1	0	12
5	271	351	1	0	16
6	327	407	1	0	19
7	361	441	-1	2	0
8	401	481	1	0	28
9	437	517	1	0	26
10	507	587	1	0	25
11	544	624	1	0	29
12	567	647	-1	4	0
13	594	674	1	0	18
14	625	705	1	0	24
15	664	744	1	0	27
16	727	807	-1	5	0
17	805	885	1	0	22
18	853	933	-1	13	0
19	903	983	-1	6	0
20	927	1007	-1	3	0
21	950	1030	1	0	30
22	969	1049	-1	17	0
23	1013	1093	-1	1	0
24	1062	1142	-1	14	0
25	1093	1173	-1	10	0
26	1106	1186	-1	9	0
27	1126	1206	-1	15	0
28	1157	1237	-1	8	0
29	1195	1275	-1	11	0
30	1220	1300	-1	21	0
C:
0 3 3 3 3 3 3 3 3 3 3 3 3 3 3 3 3 3 3 3 3 3 3 3 3 3 3 3 3 3 3 3
1 0 1 1 1 1 1 1 1 1 1 1 1 1 1 1 1 1 1 1 1 1 1 1 1 1 1 1 1 1 1 1
1 1 0 1 1 1 1 1 1 1 1 1 1 1 1 1 1 1 1 1 1 1 1 1 1 1 1 1 1 1 1 1
1 1 1 0 1 1 1 1 1 1 1 1 1 1 1 1 1 1 1 1 1 1 1 1 1 1 1 1 1 1 1 1
2 2 2 2 0 2 2 2 2 2 2 2 2 2 2 2 2 2 2 2 2 2 2 2 2 2 2 2 2 2 2 2
1 1 1 1 1 0 1 1 1 1 1 1 1 1 1 1 1 1 1 1 1 1 1 1 1 1 1 1 1 1 1 1
3 3 3 3 3 3 0 3 3 3 3 3 3 3 3 3 3 3 3 3 3 3 3 3 3 3 3 3 3 3 3 3
1 1 1 1 1 1 1 0 1 1 1 1 1 1 1 1 1 1 1 1 1 1 1 1 1 1 1 1 1 1 1 1
1 1 1 1 1 1 1 1 0 1 1 1 1 1 1 1 1 1 1 1 1 1 1 1 1 1 1 1 1 1 1 1
1 1 1 1 1 1 1 1 1 0 1 1 1 1 1 1 1 1 1 1 1 1 1 1 1 1 1 1 1 1 1 1
1 1 1 1 1 1 1 1 1 1 0 1 1 1 1 1 1 1 1 1 1 1 1 1 1 1 1 1 1 1 1 1
2 2 2 2 2 2 2 2 2 2 2 0 2 2 2 2 2 2 2 2 2 2 2 2 2 2 2 2 2 2 2 2
2 2 2 2 2 2 2 2 2 2 2 2 0 2 2 2 2 2 2 2 2 2 2 2 2 2 2 2 2 2 2 2
1 1 1 1 1 1 1 1 1 1 1 1 1 0 1 1 1 1 1 1 1 1 1 1 1 1 1 1 1 1 1 1
2 2 2 2 2 2 2 2 2 2 2 2 2 2 0 2 2 2 2 2 2 2 2 2 2 2 2 2 2 2 2 2
1 1 1 1 1 1 1 1 1 1 1 1 1 1 1 0 1 1 1 1 1 1 1 1 1 1 1 1 1 1 1 1
3 3 3 3 3 3 3 3 3 3 3 3 3 3 3 3 0 3 3 3 3 3 3 3 3 3 3 3 3 3 3 3
1 1 1 1 1 1 1 1 1 1 1 1 1 1 1 1 1 0 1 1 1 1 1 1 1 1 1 1 1 1 1 1
2 2 2 2 2 2 2 2 2 2 2 2 2 2 2 2 2 2 0 2 2 2 2 2 2 2 2 2 2 2 2 2
2 2 2 2 2 2 2 2 2 2 2 2 2 2 2 2 2 2 2 0 2 2 2 2 2 2 2 2 2 2 2 2
1 1 1 1 1 1 1 1 1 1 1 1 1 1 1 1 1 1 1 1 0 1 1 1 1 1 1 1 1 1 1 1
2 2 2 2 2 2 2 2 2 2 2 2 2 2 2 2 2 2 2 2 2 0 2 2 2 2 2 2 2 2 2 2
1 1 1 1 1 1 1 1 1 1 1 1 1 1 1 1 1 1 1 1 1 1 0 1 1 1 1 1 1 1 1 1
3 3 3 3 3 3 3 3 3 3 3 3 3 3 3 3 3 3 3 3 3 3 3 0 3 3 3 3 3 3 3 3
2 2 2 2 2 2 2 2 2 2 2 2 2 2 2 2 2 2 2 2 2 2 2 2 0 2 2 2 2 2 2 2
1 1 1 1 1 1 1 1 1 1 1 1 1 1 1 1 1 1 1 1 1 1 1 1 1 0 1 1 1 1 1 1
1 1 1 1 1 1 1 1 1 1 1 1 1 1 1 1 1 1 1 1 1 1 1 1 1 1 0 1 1 1 1 1
1 1 1 1 1 1 1 1 1 1 1 1 1 1 1 1 1 1 1 1 1 1 1 1 1 1 1 0 1 1 1 1
2 2 2 2 2 2 2 2 2 2 2 2 2 2 2 2 2 2 2 2 2 2 2 2 2 2 2 2 0 2 2 2
2 2 2 2 2 2 2 2 2 2 2 2 2 2 2 2 2 2 2 2 2 2 2 2 2 2 2 2 2 0 2 2
1 1 1 1 1 1 1 1 1 1 1 1 1 1 1 1 1 1 1 1 1 1 1 1 1 1 1 1 1 1 0 1
3 3 3 3 3 3 3 3 3 3 3 3 3 3 3 3 3 3 3 3 3 3 3 3 3 3 3 3 3 3 3 0
Time:
0	15
15	30
30	45
45	60
60	75
75	90
90	105
105	120
120	135
135	150
150	165
165	180
180	195
195	210
210	225
225	240
240	255
255	270
270	285
285	300
300	315
315	330
330	345
345	360
360	375
375	390
390	405
405	420
420	435
435	450
450	465
465	480
480	495
495	510
510	525
525	540
540	555
555	570
570	585
585	600
600	615
615	630
630	645
645	660
660	675
675	690
690	705
705	720
720	735
735	750
750	765
765	780
780	795
795	810
810	825
825	840
840	855
855	870
870	885
885	900
900	915
915	930
930	945
945	960
960	975
975	990
990	1005
1005	1020
1020	1035
1035	1050
1050	1065
1065	1080
1080	2000
Speed:
0.925	0.85	0.925	1	0.8325	0.765	0.8325	0.9	0.4625	0.425	0.4625	0.5	0.30525	0.2805	0.30525	0.33	0.37	0.34	0.37	0.4	0.555	0.51	0.555	0.6	0.6475	0.595	0.6475	0.7	0.37	0.34	0.37	0.4	0.30525	0.2805	0.30525	0.33	0.4625	0.425	0.4625	0.5	0.6475	0.595	0.6475	0.7	0.74	0.68	0.74	0.8	0.6475	0.595	0.6475	0.7	0.4625	0.425	0.4625	0.5	0.555	0.51	0.555	0.6	0.6475	0.595	0.6475	0.7	0.8325	0.765	0.8325	0.9	0.925	0.85	0.925	1	1
0.925	0.85	0.925	1	0.8325	0.765	0.8325	0.9	0.4625	0.425	0.4625	0.5	0.30525	0.2805	0.30525	0.33	0.37	0.34	0.37	0.4	0.555	0.51	0.555	0.6	0.6475	0.595	0.6475	0.7	0.37	0.34	0.37	0.4	0.30525	0.2805	0.30525	0.33	0.4625	0.425	0.4625	0.5	0.6475	0.595	0.6475	0.7	0.74	0.68	0.74	0.8	0.6475	0.595	0.6475	0.7	0.4625	0.425	0.4625	0.5	0.555	0.51	0.555	0.6	0.6475	0.595	0.6475	0.7	0.8325	0.765	0.8325	0.9	0.925	0.85	0.925	1	1
0.925	0.85	0.925	1	0.8325	0.765	0.8325	0.9	0.4625	0.425	0.4625	0.5	0.30525	0.2805	0.30525	0.33	0.37	0.34	0.37	0.4	0.555	0.51	0.555	0.6	0.6475	0.595	0.6475	0.7	0.37	0.34	0.37	0.4	0.30525	0.2805	0.30525	0.33	0.4625	0.425	0.4625	0.5	0.6475	0.595	0.6475	0.7	0.74	0.68	0.74	0.8	0.6475	0.595	0.6475	0.7	0.4625	0.425	0.4625	0.5	0.555	0.51	0.555	0.6	0.6475	0.595	0.6475	0.7	0.8325	0.765	0.8325	0.9	0.925	0.85	0.925	1	1
