31
0.00 65.78 54.73 57.83 75.27 50.60 76.18 59.21 98.78 80.84 68.58 69.32 71.03 67.97 77.10 73.47 59.92 83.68 65.37 71.63 73.53 73.50 77.73 60.95 63.91 73.01 75.56 74.03 73.23 48.37 62.37
65.78 0.00 12.56 8.56 12.89 19.73 16.16 6.68 33.45 16.51 6.05 7.23 15.22 7.29 14.85 9.60 5.93 17.98 10.38 20.53 9.21 12.69 12.06 5.93 9.38 13.58 9.78 16.85 9.06 29.04 4.93
54.73 12.56 0.00 9.02 25.04 7.51 27.79 8.13 45.74 29.07 17.67 14.59 25.17 13.24 27.05 18.77 8.32 30.13 13.78 20.58 18.88 24.33 24.35 10.84 9.52 18.75 21.76 27.57 18.56 17.37 11.85
57.83 8.56 9.02 0.00 18.09 16.26 20.11 13.93 40.97 23.19 10.90 14.68 16.64 14.04 20.07 17.90 13.37 25.91 7.54 25.71 17.62 16.83 19.99 11.99 13.20 20.71 18.07 19.28 17.43 26.19 4.55
75.27 12.89 25.04 18.09 0.00 32.44 13.27 17.51 24.00 6.09 7.41 16.77 7.54 17.84 11.11 15.45 17.03 11.54 11.28 30.24 14.64 11.50 8.09 15.08 21.62 21.56 9.47 6.60 14.86 41.91 13.72
50.60 19.73 7.51 16.26 32.44 0.00 35.28 15.61 52.26 36.18 25.11 20.14 32.66 18.63 34.44 24.34 15.83 36.65 21.23 21.43 24.62 31.81 31.07 18.33 14.02 22.64 28.34 35.08 24.27 9.94 19.37
76.18 16.16 27.79 20.11 13.27 35.28 0.00 19.92 24.42 7.96 10.25 20.62 5.74 21.63 12.98 19.40 19.55 14.16 14.08 34.18 18.60 11.01 11.76 17.31 25.21 25.51 13.39 15.91 18.81 44.94 16.07
59.21 6.68 8.13 13.93 17.51 15.61 19.92 0.00 39.74 22.22 10.12 12.42 17.05 11.75 19.51 15.77 12.22 24.46 6.39 23.48 15.53 16.51 18.52 10.83 10.98 18.41 16.41 19.49 15.32 25.49 11.61
98.78 33.45 45.74 40.97 24.00 52.26 24.42 39.74 0.00 18.07 30.22 32.35 30.15 33.88 22.45 28.38 39.08 15.62 33.45 40.30 27.92 26.10 21.42 37.85 38.65 32.54 23.99 27.59 28.29 60.29 36.42
80.84 16.51 29.07 23.19 6.09 36.18 7.96 22.22 18.07 0.00 12.31 18.07 13.20 19.44 5.02 15.38 21.63 6.30 15.83 30.22 14.63 8.37 6.33 20.08 23.88 21.33 9.07 11.40 14.94 45.18 18.66
68.58 6.05 17.67 10.90 7.41 25.11 10.25 10.12 30.22 12.31 0.00 11.95 9.36 12.55 9.42 12.51 9.63 15.67 12.25 25.80 11.84 6.75 10.04 7.80 15.38 17.92 9.12 10.81 11.87 34.70 6.40
69.32 7.23 14.59 14.68 16.77 20.14 20.62 12.42 32.35 18.07 11.95 0.00 21.23 9.94 18.39 4.23 11.67 16.92 10.24 13.86 4.49 17.48 12.00 12.73 6.30 6.36 9.11 22.23 13.06 27.97 12.00
71.03 15.22 25.17 16.64 7.54 32.66 5.74 17.05 30.15 13.20 9.36 21.23 0.00 21.90 8.18 21.15 16.89 19.04 12.41 35.09 20.39 5.27 15.34 14.33 24.60 26.95 16.07 10.17 20.51 42.54 13.39
67.97 7.29 13.24 14.04 17.84 18.63 21.63 11.75 33.88 19.44 12.55 9.94 21.90 0.00 19.53 5.71 11.02 18.45 10.39 13.31 6.01 18.40 13.44 12.37 4.77 6.67 10.56 23.06 5.65 26.45 11.80
77.10 14.85 27.05 20.07 11.11 34.44 12.98 19.51 22.45 5.02 9.42 18.39 8.18 19.53 0.00 16.74 19.04 11.06 13.29 31.66 15.94 11.40 8.67 17.07 23.44 22.88 10.53 6.50 16.18 43.88 15.72
73.47 9.60 18.77 17.90 15.45 24.34 19.40 15.77 28.38 15.38 12.51 4.23 21.15 5.71 16.74 0.00 14.99 13.20 12.09 14.97 8.71 16.68 9.06 15.51 10.39 6.14 6.38 21.58 11.36 31.93 14.51
59.92 5.93 8.32 13.37 17.03 15.83 19.55 12.22 39.08 21.63 9.63 11.67 16.89 11.02 19.04 14.99 0.00 23.77 5.83 22.91 14.75 16.12 17.82 10.27 10.44 17.69 15.67 19.25 14.54 25.67 10.86
83.68 17.98 30.13 25.91 11.54 36.65 14.16 24.46 15.62 6.30 15.67 16.92 19.04 18.45 11.06 13.20 23.77 0.00 18.38 26.91 12.63 13.88 5.95 22.83 23.20 18.30 8.37 17.56 13.00 44.89 21.42
65.37 10.38 13.78 7.54 11.28 21.23 14.08 6.39 33.45 15.83 12.25 10.24 12.41 10.39 13.29 12.09 5.83 18.38 0.00 23.64 11.59 10.59 12.47 4.44 12.29 16.57 10.75 14.31 11.50 30.86 12.10
71.63 20.53 20.58 25.71 30.24 21.43 34.18 23.48 40.30 30.22 25.80 13.86 35.09 13.31 31.66 14.97 22.91 26.91 23.64 0.00 15.76 31.20 23.90 24.90 12.51 8.89 21.34 36.02 15.50 24.43 24.64
73.53 9.21 18.88 17.62 14.64 24.62 18.60 15.53 27.92 14.63 11.84 4.49 20.39 6.01 15.94 8.71 14.75 12.63 11.59 15.76 0.00 15.89 8.31 15.14 10.75 6.94 5.61 20.79 11.51 32.37 14.09
73.50 12.69 24.33 16.83 11.50 31.81 11.01 16.51 26.10 8.37 6.75 17.48 5.27 18.40 11.40 16.68 16.12 13.88 10.59 31.20 15.89 0.00 10.11 13.94 21.82 22.70 11.10 4.90 16.07 41.44 12.67
77.73 12.06 24.35 19.99 8.09 31.07 11.76 18.52 21.42 6.33 10.04 12.00 15.34 13.44 8.67 9.06 17.82 5.95 12.47 23.90 8.31 10.11 0.00 16.91 18.06 15.01 13.92 14.69 8.64 39.65 15.52
60.95 5.93 10.84 11.99 15.08 18.33 17.31 10.83 37.85 20.08 7.80 12.73 14.33 12.37 17.07 15.51 10.27 22.83 4.44 24.90 15.14 13.94 16.91 0.00 12.59 19.00 15.09 16.78 14.99 28.21 10.86
63.91 9.38 9.52 13.20 21.62 14.02 25.21 10.98 38.65 23.88 15.38 6.30 24.60 4.77 23.44 10.39 10.44 23.20 12.29 12.51 10.75 21.82 18.06 12.59 0.00 9.24 15.19 26.18 10.39 21.69 12.55
73.01 13.58 18.75 20.71 21.56 22.64 25.51 18.41 32.54 21.33 17.92 6.36 26.95 6.67 22.88 6.14 17.69 18.30 16.57 8.89 6.94 22.70 15.01 19.00 9.24 0.00 12.47 27.58 6.71 28.71 18.33
75.56 9.78 21.76 18.07 9.47 28.34 13.39 16.41 23.99 9.07 9.12 9.11 16.07 10.56 10.53 6.38 15.67 8.37 10.75 21.34 5.61 11.10 13.92 15.09 15.19 12.47 0.00 15.94 5.90 36.81 13.76
74.03 16.85 27.57 19.28 6.60 35.08 15.91 19.49 27.59 11.40 10.81 22.23 10.17 23.06 6.50 21.58 19.25 17.56 14.31 36.02 20.79 4.90 14.69 16.78 26.18 27.58 15.94 0.00 20.96 44.90 15.72
73.23 9.06 18.56 17.43 14.86 24.27 18.81 15.32 28.29 14.94 11.87 13.06 20.51 5.65 16.18 11.36 14.54 13.00 11.50 15.50 11.51 16.07 8.64 14.99 10.39 6.71 5.90 20.96 0.00 32.01 13.96
48.37 29.04 17.37 26.19 41.91 9.94 44.94 25.49 60.29 45.18 34.70 27.97 42.54 26.45 43.88 31.93 25.67 44.89 30.86 24.43 32.37 41.44 39.65 28.21 21.69 28.71 36.81 44.90 32.01 0.00 29.19
62.37 4.93 11.85 4.55 13.72 19.37 16.07 11.61 36.42 18.66 6.40 12.00 13.39 11.80 15.72 14.51 10.86 21.42 12.10 24.64 14.09 12.67 15.52 10.86 12.55 18.33 13.76 15.72 13.96 29.19 0.00
0	0	1700	0	0	0
1	33	113	1	0	11
2	49	129	1	0	28
3	60	140	1	0	10
4	82	162	1	0	7
5	161	241	1	0	16
6	263	343	1	0	18
7	300	380	-1	4	0
8	365	445	1	0	22
9	401	481	1	0	13
10	434	514	-1	3	0
11	473	553	-1	1	0
12	528	608	1	0	26
13	571	651	-1	9	0
14	602	682	1	0	25
15	626	706	1	0	17
16	647	727	-1	5	0
17	678	758	-1	15	0
18	708	788	-1	6	0
19	745	825	1	0	20
20	781	861	-1	19	0
21	813	893	1	0	27
22	832	912	-1	8	0
23	862	942	1	0	29
24	882	962	1	0	30
25	898	978	-1	14	0
26	916	996	-1	12	0
27	937	1017	-1	21	0
28	963	1043	-1	2	0
29	1000	1080	-1	23	0
30	1032	1112	-1	24	0
C:
0 3 3 3 3 3 3 3 3 3 3 3 3 3 3 3 3 3 3 3 3 3 3 3 3 3 3 3 3 3 3 3
1 0 1 1 1 1 1 1 1 1 1 1 1 1 1 1 1 1 1 1 1 1 1 1 1 1 1 1 1 1 1 1
2 2 0 2 2 2 2 2 2 2 2 2 2 2 2 2 2 2 2 2 2 2 2 2 2 2 2 2 2 2 2 2
1 1 1 0 1 1 1 1 1 1 1 1 1 1 1 1 1 1 1 1 1 1 1 1 1 1 1 1 1 1 1 1
1 1 1 1 0 1 1 1 1 1 1 1 1 1 1 1 1 1 1 1 1 1 1 1 1 1 1 1 1 1 1 1
2 2 2 2 2 0 2 2 2 2 2 2 2 2 2 2 2 2 2 2 2 2 2 2 2 2 2 2 2 2 2 2
1 1 1 1 1 1 0 1 1 1 1 1 1 1 1 1 1 1 1 1 1 1 1 1 1 1 1 1 1 1 1 1
1 1 1 1 1 1 1 0 1 1 1 1 1 1 1 1 1 1 1 1 1 1 1 1 1 1 1 1 1 1 1 1
3 3 3 3 3 3 3 3 0 3 3 3 3 3 3 3 3 3 3 3 3 3 3 3 3 3 3 3 3 3 3 3
1 1 1 1 1 1 1 1 1 0 1 1 1 1 1 1 1 1 1 1 1 1 1 1 1 1 1 1 1 1 1 1
1 1 1 1 1 1 1 1 1 1 0 1 1 1 1 1 1 1 1 1 1 1 1 1 1 1 1 1 1 1 1 1
1 1 1 1 1 1 1 1 1 1 1 0 1 1 1 1 1 1 1 1 1 1 1 1 1 1 1 1 1 1 1 1
1 1 1 1 1 1 1 1 1 1 1 1 0 1 1 1 1 1 1 1 1 1 1 1 1 1 1 1 1 1 1 1
1 1 1 1 1 1 1 1 1 1 1 1 1 0 1 1 1 1 1 1 1 1 1 1 1 1 1 1 1 1 1 1
1 1 1 1 1 1 1 1 1 1 1 1 1 1 0 1 1 1 1 1 1 1 1 1 1 1 1 1 1 1 1 1
1 1 1 1 1 1 1 1 1 1 1 1 1 1 1 0 1 1 1 1 1 1 1 1 1 1 1 1 1 1 1 1
1 1 1 1 1 1 1 1 1 1 1 1 1 1 1 1 0 1 1 1 1 1 1 1 1 1 1 1 1 1 1 1
1 1 1 1 1 1 1 1 1 1 1 1 1 1 1 1 1 0 1 1 1 1 1 1 1 1 1 1 1 1 1 1
1 1 1 1 1 1 1 1 1 1 1 1 1 1 1 1 1 1 0 1 1 1 1 1 1 1 1 1 1 1 1 1
2 2 2 2 2 2 2 2 2 2 2 2 2 2 2 2 2 2 2 0 2 2 2 2 2 2 2 2 2 2 2 2
1 1 1 1 1 1 1 1 1 1 1 1 1 1 1 1 1 1 1 1 0 1 1 1 1 1 1 1 1 1 1 1
1 1 1 1 1 1 1 1 1 1 1 1 1 1 1 1 1 1 1 1 1 0 1 1 1 1 1 1 1 1 1 1
1 1 1 1 1 1 1 1 1 1 1 1 1 1 1 1 1 1 1 1 1 1 0 1 1 1 1 1 1 1 1 1
1 1 1 1 1 1 1 1 1 1 1 1 1 1 1 1 1 1 1 1 1 1 1 0 1 1 1 1 1 1 1 1
1 1 1 1 1 1 1 1 1 1 1 1 1 1 1 1 1 1 1 1 1 1 1 1 0 1 1 1 1 1 1 1
1 1 1 1 1 1 1 1 1 1 1 1 1 1 1 1 1 1 1 1 1 1 1 1 1 0 1 1 1 1 1 1
1 1 1 1 1 1 1 1 1 1 1 1 1 1 1 1 1 1 1 1 1 1 1 1 1 1 0 1 1 1 1 1
1 1 1 1 1 1 1 1 1 1 1 1 1 1 1 1 1 1 1 1 1 1 1 1 1 1 1 0 1 1 1 1
1 1 1 1 1 1 1 1 1 1 1 1 1 1 1 1 1 1 1 1 1 1 1 1 1 1 1 1 0 1 1 1
3 3 3 3 3 3 3 3 3 3 3 3 3 3 3 3 3 3 3 3 3 3 3 3 3 3 3 3 3 0 3 3
1 1 1 1 1 1 1 1 1 1 1 1 1 1 1 1 1 1 1 1 1 1 1 1 1 1 1 1 1 1 0 1
3 3 3 3 3 3 3 3 3 3 3 3 3 3 3 3 3 3 3 3 3 3 3 3 3 3 3 3 3 3 3 0
Time:
0	15
15	30
30	45
45	60
60	75
75	90
90	105
105	120
120	135
135	150
150	165
165	180
180	195
195	210
210	225
225	240
240	255
255	270
270	285
285	300
300	315
315	330
330	345
345	360
360	375
375	390
390	405
405	420
420	435
435	450
450	465
465	480
480	495
495	510
510	525
525	540
540	555
555	570
570	585
585	600
600	615
615	630
630	645
645	660
660	675
675	690
690	705
705	720
720	735
735	750
750	765
765	780
780	795
795	810
810	825
825	840
840	855
855	870
870	885
885	900
900	915
915	930
930	945
945	960
960	975
975	990
990	1005
1005	1020
1020	1035
1035	1050
1050	1065
1065	1080
1080	2000
Speed:
0.925	0.85	0.925	1	0.8325	0.765	0.8325	0.9	0.4625	0.425	0.4625	0.5	0.30525	0.2805	0.30525	0.33	0.37	0.34	0.37	0.4	0.555	0.51	0.555	0.6	0.6475	0.595	0.6475	0.7	0.37	0.34	0.37	0.4	0.30525	0.2805	0.30525	0.33	0.4625	0.425	0.4625	0.5	0.6475	0.595	0.6475	0.7	0.74	0.68	0.74	0.8	0.6475	0.595	0.6475	0.7	0.4625	0.425	0.4625	0.5	0.555	0.51	0.555	0.6	0.6475	0.595	0.6475	0.7	0.8325	0.765	0.8325	0.9	0.925	0.85	0.925	1	1
0.925	0.85	0.925	1	0.8325	0.765	0.8325	0.9	0.4625	0.425	0.4625	0.5	0.30525	0.2805	0.30525	0.33	0.37	0.34	0.37	0.4	0.555	0.51	0.555	0.6	0.6475	0.595	0.6475	0.7	0.37	0.34	0.37	0.4	0.30525	0.2805	0.30525	0.33	0.4625	0.425	0.4625	0.5	0.6475	0.595	0.6475	0.7	0.74	0.68	0.74	0.8	0.6475	0.595	0.6475	0.7	0.4625	0.425	0.4625	0.5	0.555	0.51	0.555	0.6	0.6475	0.595	0.6475	0.7	0.8325	0.765	0.8325	0.9	0.925	0.85	0.925	1	1
0.925	0.85	0.925	1	0.8325	0.765	0.8325	0.9	0.4625	0.425	0.4625	0.5	0.30525	0.2805	0.30525	0.33	0.37	0.34	0.37	0.4	0.555	0.51	0.555	0.6	0.6475	0.595	0.6475	0.7	0.37	0.34	0.37	0.4	0.30525	0.2805	0.30525	0.33	0.4625	0.425	0.4625	0.5	0.6475	0.595	0.6475	0.7	0.74	0.68	0.74	0.8	0.6475	0.595	0.6475	0.7	0.4625	0.425	0.4625	0.5	0.555	0.51	0.555	0.6	0.6475	0.595	0.6475	0.7	0.8325	0.765	0.8325	0.9	0.925	0.85	0.925	1	1
