41
0.00 69.57 69.45 66.78 66.34 67.97 66.01 80.02 66.52 64.05 72.59 72.60 75.62 71.38 65.21 71.88 71.11 73.30 72.39 72.26 64.22 78.82 74.38 60.54 63.74 56.86 76.85 68.76 69.27 53.14 78.63 61.79 69.83 69.51 78.81 61.34 70.20 58.82 75.27 72.26 70.55
69.57 0.00 12.88 10.65 10.30 8.72 10.33 12.77 7.92 5.70 10.10 13.38 7.58 11.89 4.60 11.23 4.52 16.50 10.53 5.71 9.09 12.12 9.09 10.65 6.07 13.45 11.75 5.38 10.69 17.20 10.43 8.73 6.67 9.34 16.91 8.89 14.79 10.81 7.33 11.10 15.36
69.45 12.88 0.00 11.13 13.80 21.29 14.03 12.40 6.06 12.17 12.53 13.11 10.81 9.45 14.56 13.75 17.32 4.79 11.99 8.58 7.27 11.07 7.48 10.97 15.15 14.53 8.58 18.10 10.25 23.07 12.55 11.20 6.26 12.32 9.37 17.44 14.08 15.07 10.55 14.30 14.71
66.78 10.65 11.13 0.00 11.14 10.26 11.50 14.24 5.39 11.50 5.88 12.37 9.21 10.71 11.70 5.59 7.40 15.35 5.63 6.29 6.03 13.34 9.49 7.32 4.57 10.27 12.34 7.29 9.01 15.14 12.26 5.44 5.62 7.83 16.95 7.39 13.11 7.98 8.89 6.13 13.73
66.34 10.30 13.80 11.14 0.00 7.69 9.91 15.89 7.99 10.92 6.53 14.98 10.71 13.34 9.89 5.55 5.78 17.98 6.50 8.29 8.29 15.13 11.65 8.59 11.01 10.76 14.45 4.95 11.67 13.86 13.66 6.55 8.17 10.48 19.31 5.58 15.78 7.77 10.43 5.92 16.40
67.97 8.72 21.29 10.26 7.69 0.00 7.56 20.36 15.65 10.43 10.81 22.07 15.46 20.53 7.39 9.15 5.47 25.17 11.16 14.35 15.92 20.03 17.67 15.46 7.77 16.42 20.15 12.51 19.11 15.04 17.76 13.50 15.27 17.83 25.47 8.14 23.25 12.86 15.31 8.95 23.85
66.01 10.33 14.03 11.50 9.91 7.56 0.00 16.27 8.17 10.54 6.91 15.27 11.10 13.62 9.50 5.90 5.95 18.26 6.88 8.66 8.38 15.52 12.01 8.49 11.01 10.55 14.82 4.96 11.92 13.49 14.05 6.45 8.47 10.75 19.66 5.20 16.01 7.50 10.82 6.26 16.63
80.02 12.77 12.40 14.24 15.89 20.36 16.27 0.00 13.51 16.88 9.79 9.86 5.19 10.07 17.16 11.36 14.91 11.83 9.61 8.03 15.82 9.79 5.67 19.50 18.53 23.24 10.16 17.18 11.52 29.38 10.80 18.41 10.19 10.84 7.49 21.42 12.99 21.90 5.45 11.46 13.12
66.52 7.92 6.06 5.39 7.99 15.65 8.17 13.51 0.00 6.11 8.86 8.06 9.63 6.35 8.61 9.52 12.41 10.67 8.37 6.27 10.03 12.30 7.86 6.12 9.10 9.93 10.42 12.65 4.19 17.55 12.42 5.60 11.01 11.54 13.71 11.40 8.02 9.51 9.28 10.12 8.65
64.05 5.70 12.17 11.50 10.92 10.43 10.54 16.88 6.11 0.00 8.55 13.95 11.91 12.24 9.65 8.05 8.98 16.72 8.34 8.86 5.66 15.92 11.89 5.37 10.85 7.76 14.75 8.07 10.23 12.53 14.97 11.71 7.60 9.28 19.04 5.34 14.13 5.24 11.59 8.54 14.76
72.59 10.10 12.53 5.88 6.53 10.81 6.91 9.79 8.86 8.55 0.00 12.26 4.69 11.03 7.79 10.68 5.58 15.38 8.75 12.17 10.61 9.29 7.04 12.98 9.27 16.13 9.36 7.51 10.43 20.39 7.34 11.23 6.40 9.05 14.74 12.09 14.26 13.78 4.51 10.90 14.77
72.60 13.38 13.11 12.37 14.98 22.07 15.27 9.86 8.06 13.95 12.26 0.00 9.43 11.17 15.93 13.72 17.55 12.19 11.75 8.16 9.77 8.56 5.89 13.66 16.75 17.35 6.04 18.75 12.01 25.55 10.50 13.58 6.84 4.66 6.24 19.29 10.11 17.51 9.25 14.20 10.69
75.62 7.58 10.81 9.21 10.71 15.46 11.10 5.19 9.63 11.91 4.69 9.43 0.00 8.73 11.99 6.33 10.10 12.31 4.45 11.14 11.86 4.60 9.03 15.17 13.38 18.76 4.98 12.19 9.15 24.32 9.71 13.83 6.26 8.01 10.42 16.27 12.11 17.06 8.69 6.52 12.48
71.38 11.89 9.45 10.71 13.34 20.53 13.62 10.07 6.35 12.24 11.03 11.17 8.73 0.00 14.26 12.40 16.16 4.66 10.50 6.94 8.13 8.74 5.28 12.05 15.05 15.78 6.25 17.24 10.54 23.87 10.27 11.90 5.26 10.53 7.66 17.58 13.39 15.83 8.50 12.91 13.96
65.21 4.60 14.56 11.70 9.89 7.39 9.50 17.16 8.61 9.65 7.79 15.93 11.99 14.26 0.00 6.75 6.46 18.88 7.77 9.50 8.58 16.39 12.84 8.28 10.67 10.05 15.65 5.12 12.48 12.61 14.94 6.25 9.17 11.35 20.44 4.31 16.54 6.86 11.70 7.08 17.16
71.88 11.23 13.75 5.59 5.55 9.15 5.90 11.36 9.52 8.05 10.68 13.72 6.33 12.40 6.75 0.00 11.33 16.85 10.41 5.59 11.00 10.92 8.67 12.90 8.24 15.79 11.03 5.86 11.60 19.34 8.85 11.03 7.51 10.22 16.40 10.96 15.56 13.16 6.17 11.47 16.09
71.11 4.52 17.32 7.40 5.78 5.47 5.95 14.91 12.41 8.98 5.58 17.55 10.10 16.16 6.46 11.33 0.00 20.69 6.01 9.48 13.41 14.62 12.61 14.33 7.74 16.49 14.92 9.90 15.13 18.04 12.29 12.30 11.06 13.77 20.32 9.79 19.20 13.31 9.98 11.70 19.75
73.30 16.50 4.79 15.35 17.98 25.17 18.26 11.83 10.67 16.72 15.38 12.19 12.31 4.66 18.88 16.85 20.69 0.00 14.87 11.28 12.05 10.64 8.79 15.75 19.62 19.26 8.26 21.87 6.50 27.86 12.96 15.97 9.91 7.52 6.09 22.05 12.97 19.86 12.17 17.33 11.24
72.39 10.53 11.99 5.63 6.50 11.16 6.88 9.61 8.37 8.34 8.75 11.75 4.45 10.50 7.77 10.41 6.01 14.87 0.00 11.92 10.16 9.04 6.60 12.63 9.23 15.85 8.99 7.83 9.89 20.33 7.22 10.92 5.87 8.51 14.34 12.08 13.73 13.58 4.24 10.63 14.23
72.26 5.71 8.58 6.29 8.29 14.35 8.66 8.03 6.27 8.86 12.17 8.16 11.14 6.94 9.50 5.59 9.48 11.28 11.92 0.00 8.47 7.06 10.51 11.77 10.76 15.40 6.17 10.99 6.59 21.39 6.37 10.49 11.91 5.27 11.20 13.63 10.23 13.88 11.17 6.05 10.71
64.22 9.09 7.27 6.03 8.29 15.92 8.38 15.82 10.03 5.66 10.61 9.77 11.86 8.13 8.58 11.00 13.41 12.05 10.16 8.47 0.00 14.60 10.17 11.02 8.69 7.75 12.69 13.21 5.84 15.83 14.70 11.47 5.69 5.54 15.70 10.53 9.08 7.81 11.51 11.60 9.71
78.82 12.12 11.07 13.34 15.13 20.03 15.52 9.79 12.30 15.92 9.29 8.56 4.60 8.74 16.39 10.92 14.62 10.64 9.04 7.06 14.60 0.00 4.43 18.33 17.72 22.09 9.58 16.78 10.19 28.45 9.56 17.31 9.02 9.54 6.75 20.61 11.68 20.87 4.81 11.08 11.82
74.38 9.09 7.48 9.49 11.65 17.67 12.01 5.67 7.86 11.89 7.04 5.89 9.03 5.28 12.84 8.67 12.61 8.79 6.60 10.51 10.17 4.43 0.00 13.92 14.04 17.69 9.86 14.30 6.12 24.40 5.13 12.98 4.63 5.25 7.82 16.88 8.63 16.64 9.24 9.04 8.97
60.54 10.65 10.97 7.32 8.59 15.46 8.49 19.50 6.12 5.37 12.98 13.66 15.17 12.05 8.28 12.90 14.33 15.75 12.63 11.77 11.02 18.33 13.92 0.00 7.69 13.13 16.54 13.39 9.75 12.18 18.14 11.72 9.31 9.49 19.65 8.47 12.63 4.45 14.82 13.45 13.23
63.74 6.07 15.15 4.57 11.01 7.77 11.01 18.53 9.10 10.85 9.27 16.75 13.38 15.05 10.67 8.24 7.74 19.62 9.23 10.76 8.69 17.72 14.04 7.69 0.00 8.97 16.88 6.06 13.15 11.13 16.36 5.76 10.13 12.11 21.52 10.50 17.12 5.61 13.09 8.57 17.75
56.86 13.45 14.53 10.27 10.76 16.42 10.55 23.24 9.93 7.76 16.13 17.35 18.76 15.78 10.05 15.79 16.49 19.26 15.85 15.40 7.75 22.09 17.69 13.13 8.97 0.00 20.34 15.03 13.48 9.23 21.77 4.96 13.07 13.29 23.41 8.46 16.07 13.00 18.41 16.29 16.64
76.85 11.75 8.58 12.34 14.45 20.15 14.82 10.16 10.42 14.75 9.36 6.04 4.98 6.25 15.65 11.03 14.92 8.26 8.99 6.17 12.69 9.58 9.86 16.54 16.88 20.34 0.00 16.81 7.85 27.24 4.73 15.72 7.37 7.37 5.44 19.73 9.16 19.44 5.01 11.32 9.31
68.76 5.38 18.10 7.29 4.95 12.51 4.96 17.18 12.65 8.07 7.51 18.75 12.19 17.24 5.12 5.86 9.90 21.87 7.83 10.99 13.21 16.78 14.30 13.39 6.06 15.03 16.81 0.00 15.91 15.63 14.61 11.35 11.99 14.60 22.11 7.60 20.04 11.64 12.02 5.72 20.63
69.27 10.69 10.25 9.01 11.67 19.11 11.92 11.52 4.19 10.23 10.43 12.01 9.15 10.54 12.48 11.60 15.13 6.50 9.89 6.59 5.84 10.19 6.12 9.75 13.15 13.48 7.85 15.91 0.00 21.62 11.24 9.65 10.75 10.77 9.94 15.55 12.21 13.57 8.86 12.16 4.74
53.14 17.20 23.07 15.14 13.86 15.04 13.49 29.38 17.55 12.53 20.39 25.55 24.32 23.87 12.61 19.34 18.04 27.86 20.33 21.39 15.83 28.45 24.40 12.18 11.13 9.23 27.24 15.63 21.62 0.00 27.36 11.97 19.95 21.05 31.21 8.41 24.79 8.04 24.01 19.63 25.40
78.63 10.43 12.55 12.26 13.66 17.76 14.05 10.80 12.42 14.97 7.34 10.50 9.71 10.27 14.94 8.85 12.29 12.96 7.22 6.37 14.70 9.56 5.13 18.14 16.36 21.77 4.73 14.61 11.24 27.36 0.00 16.85 9.01 10.30 9.58 19.24 13.50 20.12 9.74 8.90 13.75
61.79 8.73 11.20 5.44 6.55 13.50 6.45 18.41 5.60 11.71 11.23 13.58 13.83 11.90 6.25 11.03 12.30 15.97 10.92 10.49 11.47 17.31 12.98 11.72 5.76 4.96 15.72 11.35 9.65 11.97 16.85 0.00 8.36 9.11 19.31 6.93 13.02 11.37 13.48 11.56 13.64
69.83 6.67 6.26 5.62 8.17 15.27 8.47 10.19 11.01 7.60 6.40 6.84 6.26 5.26 9.17 7.51 11.06 9.91 5.87 11.91 5.69 9.02 4.63 9.31 10.13 13.07 7.37 11.99 10.75 19.95 9.01 8.36 0.00 9.88 11.45 12.84 8.13 12.08 5.91 8.07 8.70
69.51 9.34 12.32 7.83 10.48 17.83 10.75 10.84 11.54 9.28 9.05 4.66 8.01 10.53 11.35 10.22 13.77 7.52 8.51 5.27 5.54 9.54 5.25 9.49 12.11 13.29 7.37 14.60 10.77 21.05 10.30 9.11 9.88 0.00 10.21 14.63 5.45 13.02 7.70 10.78 6.03
78.81 16.91 9.37 16.95 19.31 25.47 19.66 7.49 13.71 19.04 14.74 6.24 10.42 7.66 20.44 16.40 20.32 6.09 14.34 11.20 15.70 6.75 7.82 19.65 21.52 23.41 5.44 22.11 9.94 31.21 9.58 19.31 11.45 10.21 0.00 24.28 8.74 23.21 10.45 16.72 8.51
61.34 8.89 17.44 7.39 5.58 8.14 5.20 21.42 11.40 5.34 12.09 19.29 16.27 17.58 4.31 10.96 9.79 22.05 12.08 13.63 10.53 20.61 16.88 8.47 10.50 8.46 19.73 7.60 15.55 8.41 19.24 6.93 12.84 14.63 24.28 0.00 19.38 4.89 15.98 11.23 20.01
70.20 14.79 14.08 13.11 15.78 23.25 16.01 12.99 8.02 14.13 14.26 10.11 12.11 13.39 16.54 15.56 19.20 12.97 13.73 10.23 9.08 11.68 8.63 12.63 17.12 16.07 9.16 20.04 12.21 24.79 13.50 13.02 8.13 5.45 8.74 19.38 0.00 16.85 11.89 16.09 11.48
58.82 10.81 15.07 7.98 7.77 12.86 7.50 21.90 9.51 5.24 13.78 17.51 17.06 15.83 6.86 13.16 13.31 19.86 13.58 13.88 7.81 20.87 16.64 4.45 5.61 13.00 19.44 11.64 13.57 8.04 20.12 11.37 12.08 13.02 23.21 4.89 16.85 0.00 16.73 13.60 17.46
75.27 7.33 10.55 8.89 10.43 15.31 10.82 5.45 9.28 11.59 4.51 9.25 8.69 8.50 11.70 6.17 9.98 12.17 4.24 11.17 11.51 4.81 9.24 14.82 13.09 18.41 5.01 12.02 8.86 24.01 9.74 13.48 5.91 7.70 10.45 15.98 11.89 16.73 0.00 6.39 12.27
72.26 11.10 14.30 6.13 5.92 8.95 6.26 11.46 10.12 8.54 10.90 14.20 6.52 12.91 7.08 11.47 11.70 17.33 10.63 6.05 11.60 11.08 9.04 13.45 8.57 16.29 11.32 5.72 12.16 19.63 8.90 11.56 8.07 10.78 16.72 11.23 16.09 13.60 6.39 0.00 16.62
70.55 15.36 14.71 13.73 16.40 23.85 16.63 13.12 8.65 14.76 14.77 10.69 12.48 13.96 17.16 16.09 19.75 11.24 14.23 10.71 9.71 11.82 8.97 13.23 17.75 16.64 9.31 20.63 4.74 25.40 13.75 13.64 8.70 6.03 8.51 20.01 11.48 17.46 12.27 16.62 0.00
0	0	1700	0	0	0
1	42	122	1	0	13
2	58	138	1	0	30
3	71	151	1	0	8
4	87	167	1	0	22
5	104	184	1	0	23
6	121	201	1	0	37
7	163	243	1	0	26
8	206	286	-1	3	0
9	223	303	1	0	36
10	246	326	1	0	20
11	272	352	1	0	28
12	291	371	1	0	29
13	306	386	-1	1	0
14	329	409	1	0	38
15	340	420	1	0	18
16	358	438	1	0	21
17	396	476	1	0	25
18	436	516	-1	15	0
19	475	555	1	0	34
20	501	581	-1	10	0
21	534	614	-1	16	0
22	544	624	-1	4	0
23	569	649	-1	5	0
24	582	662	1	0	31
25	596	676	-1	17	0
26	626	706	-1	7	0
27	649	729	1	0	33
28	671	751	-1	11	0
29	702	782	-1	12	0
30	760	840	-1	2	0
31	797	877	-1	24	0
32	812	892	1	0	40
33	831	911	-1	27	0
34	849	929	-1	19	0
35	889	969	1	0	39
36	918	998	-1	9	0
37	939	1019	-1	6	0
38	960	1040	-1	14	0
39	967	1047	-1	35	0
40	986	1066	-1	32	0
C:
0 3 3 3 3 3 3 3 3 3 3 3 3 3 3 3 3 3 3 3 3 3 3 3 3 3 3 3 3 3 3 3 3 3 3 3 3 3 3 3 3 3
1 0 1 1 1 1 1 1 1 1 1 1 1 1 1 1 1 1 1 1 1 1 1 1 1 1 1 1 1 1 1 1 1 1 1 1 1 1 1 1 1 1
1 1 0 1 1 1 1 1 1 1 1 1 1 1 1 1 1 1 1 1 1 1 1 1 1 1 1 1 1 1 1 1 1 1 1 1 1 1 1 1 1 1
1 1 1 0 1 1 1 1 1 1 1 1 1 1 1 1 1 1 1 1 1 1 1 1 1 1 1 1 1 1 1 1 1 1 1 1 1 1 1 1 1 1
1 1 1 1 0 1 1 1 1 1 1 1 1 1 1 1 1 1 1 1 1 1 1 1 1 1 1 1 1 1 1 1 1 1 1 1 1 1 1 1 1 1
1 1 1 1 1 0 1 1 1 1 1 1 1 1 1 1 1 1 1 1 1 1 1 1 1 1 1 1 1 1 1 1 1 1 1 1 1 1 1 1 1 1
1 1 1 1 1 1 0 1 1 1 1 1 1 1 1 1 1 1 1 1 1 1 1 1 1 1 1 1 1 1 1 1 1 1 1 1 1 1 1 1 1 1
1 1 1 1 1 1 1 0 1 1 1 1 1 1 1 1 1 1 1 1 1 1 1 1 1 1 1 1 1 1 1 1 1 1 1 1 1 1 1 1 1 1
1 1 1 1 1 1 1 1 0 1 1 1 1 1 1 1 1 1 1 1 1 1 1 1 1 1 1 1 1 1 1 1 1 1 1 1 1 1 1 1 1 1
1 1 1 1 1 1 1 1 1 0 1 1 1 1 1 1 1 1 1 1 1 1 1 1 1 1 1 1 1 1 1 1 1 1 1 1 1 1 1 1 1 1
1 1 1 1 1 1 1 1 1 1 0 1 1 1 1 1 1 1 1 1 1 1 1 1 1 1 1 1 1 1 1 1 1 1 1 1 1 1 1 1 1 1
1 1 1 1 1 1 1 1 1 1 1 0 1 1 1 1 1 1 1 1 1 1 1 1 1 1 1 1 1 1 1 1 1 1 1 1 1 1 1 1 1 1
1 1 1 1 1 1 1 1 1 1 1 1 0 1 1 1 1 1 1 1 1 1 1 1 1 1 1 1 1 1 1 1 1 1 1 1 1 1 1 1 1 1
1 1 1 1 1 1 1 1 1 1 1 1 1 0 1 1 1 1 1 1 1 1 1 1 1 1 1 1 1 1 1 1 1 1 1 1 1 1 1 1 1 1
1 1 1 1 1 1 1 1 1 1 1 1 1 1 0 1 1 1 1 1 1 1 1 1 1 1 1 1 1 1 1 1 1 1 1 1 1 1 1 1 1 1
1 1 1 1 1 1 1 1 1 1 1 1 1 1 1 0 1 1 1 1 1 1 1 1 1 1 1 1 1 1 1 1 1 1 1 1 1 1 1 1 1 1
1 1 1 1 1 1 1 1 1 1 1 1 1 1 1 1 0 1 1 1 1 1 1 1 1 1 1 1 1 1 1 1 1 1 1 1 1 1 1 1 1 1
1 1 1 1 1 1 1 1 1 1 1 1 1 1 1 1 1 0 1 1 1 1 1 1 1 1 1 1 1 1 1 1 1 1 1 1 1 1 1 1 1 1
1 1 1 1 1 1 1 1 1 1 1 1 1 1 1 1 1 1 0 1 1 1 1 1 1 1 1 1 1 1 1 1 1 1 1 1 1 1 1 1 1 1
1 1 1 1 1 1 1 1 1 1 1 1 1 1 1 1 1 1 1 0 1 1 1 1 1 1 1 1 1 1 1 1 1 1 1 1 1 1 1 1 1 1
1 1 1 1 1 1 1 1 1 1 1 1 1 1 1 1 1 1 1 1 0 1 1 1 1 1 1 1 1 1 1 1 1 1 1 1 1 1 1 1 1 1
1 1 1 1 1 1 1 1 1 1 1 1 1 1 1 1 1 1 1 1 1 0 1 1 1 1 1 1 1 1 1 1 1 1 1 1 1 1 1 1 1 1
1 1 1 1 1 1 1 1 1 1 1 1 1 1 1 1 1 1 1 1 1 1 0 1 1 1 1 1 1 1 1 1 1 1 1 1 1 1 1 1 1 1
1 1 1 1 1 1 1 1 1 1 1 1 1 1 1 1 1 1 1 1 1 1 1 0 1 1 1 1 1 1 1 1 1 1 1 1 1 1 1 1 1 1
1 1 1 1 1 1 1 1 1 1 1 1 1 1 1 1 1 1 1 1 1 1 1 1 0 1 1 1 1 1 1 1 1 1 1 1 1 1 1 1 1 1
1 1 1 1 1 1 1 1 1 1 1 1 1 1 1 1 1 1 1 1 1 1 1 1 1 0 1 1 1 1 1 1 1 1 1 1 1 1 1 1 1 1
1 1 1 1 1 1 1 1 1 1 1 1 1 1 1 1 1 1 1 1 1 1 1 1 1 1 0 1 1 1 1 1 1 1 1 1 1 1 1 1 1 1
1 1 1 1 1 1 1 1 1 1 1 1 1 1 1 1 1 1 1 1 1 1 1 1 1 1 1 0 1 1 1 1 1 1 1 1 1 1 1 1 1 1
1 1 1 1 1 1 1 1 1 1 1 1 1 1 1 1 1 1 1 1 1 1 1 1 1 1 1 1 0 1 1 1 1 1 1 1 1 1 1 1 1 1
2 2 2 2 2 2 2 2 2 2 2 2 2 2 2 2 2 2 2 2 2 2 2 2 2 2 2 2 2 0 2 2 2 2 2 2 2 2 2 2 2 2
1 1 1 1 1 1 1 1 1 1 1 1 1 1 1 1 1 1 1 1 1 1 1 1 1 1 1 1 1 1 0 1 1 1 1 1 1 1 1 1 1 1
1 1 1 1 1 1 1 1 1 1 1 1 1 1 1 1 1 1 1 1 1 1 1 1 1 1 1 1 1 1 1 0 1 1 1 1 1 1 1 1 1 1
1 1 1 1 1 1 1 1 1 1 1 1 1 1 1 1 1 1 1 1 1 1 1 1 1 1 1 1 1 1 1 1 0 1 1 1 1 1 1 1 1 1
1 1 1 1 1 1 1 1 1 1 1 1 1 1 1 1 1 1 1 1 1 1 1 1 1 1 1 1 1 1 1 1 1 0 1 1 1 1 1 1 1 1
1 1 1 1 1 1 1 1 1 1 1 1 1 1 1 1 1 1 1 1 1 1 1 1 1 1 1 1 1 1 1 1 1 1 0 1 1 1 1 1 1 1
1 1 1 1 1 1 1 1 1 1 1 1 1 1 1 1 1 1 1 1 1 1 1 1 1 1 1 1 1 1 1 1 1 1 1 0 1 1 1 1 1 1
1 1 1 1 1 1 1 1 1 1 1 1 1 1 1 1 1 1 1 1 1 1 1 1 1 1 1 1 1 1 1 1 1 1 1 1 0 1 1 1 1 1
1 1 1 1 1 1 1 1 1 1 1 1 1 1 1 1 1 1 1 1 1 1 1 1 1 1 1 1 1 1 1 1 1 1 1 1 1 0 1 1 1 1
1 1 1 1 1 1 1 1 1 1 1 1 1 1 1 1 1 1 1 1 1 1 1 1 1 1 1 1 1 1 1 1 1 1 1 1 1 1 0 1 1 1
1 1 1 1 1 1 1 1 1 1 1 1 1 1 1 1 1 1 1 1 1 1 1 1 1 1 1 1 1 1 1 1 1 1 1 1 1 1 1 0 1 1
1 1 1 1 1 1 1 1 1 1 1 1 1 1 1 1 1 1 1 1 1 1 1 1 1 1 1 1 1 1 1 1 1 1 1 1 1 1 1 1 0 1
3 3 3 3 3 3 3 3 3 3 3 3 3 3 3 3 3 3 3 3 3 3 3 3 3 3 3 3 3 3 3 3 3 3 3 3 3 3 3 3 3 0
Time:
0	15
15	30
30	45
45	60
60	75
75	90
90	105
105	120
120	135
135	150
150	165
165	180
180	195
195	210
210	225
225	240
240	255
255	270
270	285
285	300
300	315
315	330
330	345
345	360
360	375
375	390
390	405
405	420
420	435
435	450
450	465
465	480
480	495
495	510
510	525
525	540
540	555
555	570
570	585
585	600
600	615
615	630
630	645
645	660
660	675
675	690
690	705
705	720
720	735
735	750
750	765
765	780
780	795
795	810
810	825
825	840
840	855
855	870
870	885
885	900
900	915
915	930
930	945
945	960
960	975
975	990
990	1005
1005	1020
1020	1035
1035	1050
1050	1065
1065	1080
1080	2000
Speed:
0.925	0.85	0.925	1	0.8325	0.765	0.8325	0.9	0.4625	0.425	0.4625	0.5	0.30525	0.2805	0.30525	0.33	0.37	0.34	0.37	0.4	0.555	0.51	0.555	0.6	0.6475	0.595	0.6475	0.7	0.37	0.34	0.37	0.4	0.30525	0.2805	0.30525	0.33	0.4625	0.425	0.4625	0.5	0.6475	0.595	0.6475	0.7	0.74	0.68	0.74	0.8	0.6475	0.595	0.6475	0.7	0.4625	0.425	0.4625	0.5	0.555	0.51	0.555	0.6	0.6475	0.595	0.6475	0.7	0.8325	0.765	0.8325	0.9	0.925	0.85	0.925	1	1
0.925	0.85	0.925	1	0.8325	0.765	0.8325	0.9	0.4625	0.425	0.4625	0.5	0.30525	0.2805	0.30525	0.33	0.37	0.34	0.37	0.4	0.555	0.51	0.555	0.6	0.6475	0.595	0.6475	0.7	0.37	0.34	0.37	0.4	0.30525	0.2805	0.30525	0.33	0.4625	0.425	0.4625	0.5	0.6475	0.595	0.6475	0.7	0.74	0.68	0.74	0.8	0.6475	0.595	0.6475	0.7	0.4625	0.425	0.4625	0.5	0.555	0.51	0.555	0.6	0.6475	0.595	0.6475	0.7	0.8325	0.765	0.8325	0.9	0.925	0.85	0.925	1	1
0.925	0.85	0.925	1	0.8325	0.765	0.8325	0.9	0.4625	0.425	0.4625	0.5	0.30525	0.2805	0.30525	0.33	0.37	0.34	0.37	0.4	0.555	0.51	0.555	0.6	0.6475	0.595	0.6475	0.7	0.37	0.34	0.37	0.4	0.30525	0.2805	0.30525	0.33	0.4625	0.425	0.4625	0.5	0.6475	0.595	0.6475	0.7	0.74	0.68	0.74	0.8	0.6475	0.595	0.6475	0.7	0.4625	0.425	0.4625	0.5	0.555	0.51	0.555	0.6	0.6475	0.595	0.6475	0.7	0.8325	0.765	0.8325	0.9	0.925	0.85	0.925	1	1
