31
0.00 73.78 76.99 62.62 98.56 56.13 76.31 73.44 75.33 67.99 69.33 68.94 67.65 80.47 37.54 71.76 68.46 74.79 88.82 65.55 60.18 78.77 93.07 70.38 72.38 73.31 72.28 79.33 50.70 51.63 82.59
73.78 0.00 31.49 16.91 32.29 20.19 14.59 15.21 9.20 5.83 4.62 21.53 13.23 12.01 37.62 7.23 17.56 17.72 20.25 8.28 14.99 10.35 37.52 22.79 4.96 17.15 6.26 16.87 23.10 22.81 18.78
76.99 31.49 0.00 21.54 26.42 27.20 17.37 16.29 22.59 32.02 30.13 12.07 42.65 22.94 51.01 24.49 15.76 13.82 23.85 30.89 27.66 23.33 16.25 10.16 26.67 14.37 37.35 16.55 37.48 32.78 17.32
62.62 16.91 21.54 0.00 36.21 6.81 13.69 10.90 13.47 13.87 13.04 9.51 23.41 18.30 31.03 11.01 6.66 12.67 26.24 11.58 6.17 16.84 34.18 11.44 12.75 11.14 20.54 16.77 16.37 12.36 20.05
98.56 32.29 26.42 36.21 0.00 42.97 22.70 25.32 25.49 36.87 34.68 29.93 45.37 20.73 66.44 29.55 30.11 23.77 12.04 37.87 40.05 22.62 15.14 28.79 30.20 25.27 38.00 19.48 51.14 48.22 16.21
56.13 20.19 27.20 6.81 42.97 0.00 20.34 17.66 19.30 15.50 15.67 15.58 22.69 24.39 24.35 16.04 13.37 19.48 32.71 12.69 5.26 22.75 40.74 17.49 17.18 17.95 22.02 23.50 10.32 5.68 26.77
76.31 14.59 17.37 13.69 22.70 20.34 0.00 12.00 5.40 16.67 14.47 10.51 27.00 6.41 43.81 8.46 8.47 14.18 12.67 16.64 17.41 6.16 23.69 10.73 10.20 4.33 20.75 10.65 28.57 25.52 6.50
73.44 15.21 16.29 10.90 25.32 17.66 12.00 0.00 6.61 16.18 14.13 7.73 26.77 9.21 41.49 8.26 5.38 10.99 15.71 15.64 15.21 8.55 24.82 8.28 10.39 10.23 21.09 5.89 26.36 23.00 9.16
75.33 9.20 22.59 13.47 25.49 19.30 5.40 6.61 0.00 11.89 9.65 14.02 21.87 5.18 41.28 13.85 10.69 8.79 14.01 12.45 15.25 11.55 28.62 14.82 5.12 8.55 15.40 7.82 25.98 23.79 10.21
67.99 5.83 32.02 13.87 36.87 15.50 16.67 16.18 11.89 0.00 10.44 20.78 10.64 16.15 31.82 8.22 16.69 18.90 24.94 14.10 10.25 14.28 40.35 22.38 6.80 17.90 6.73 19.58 17.30 17.35 22.10
69.33 4.62 30.13 13.04 34.68 15.67 14.47 14.13 9.65 10.44 0.00 19.17 12.65 13.94 33.53 6.03 15.07 16.83 22.78 12.30 10.43 12.07 38.13 20.68 4.56 15.90 7.69 17.35 18.72 18.21 19.85
68.94 21.53 12.07 9.51 29.93 15.58 10.51 7.73 14.02 20.78 19.17 0.00 31.26 16.87 39.85 14.31 11.04 7.12 22.25 19.28 15.59 16.28 25.31 12.66 16.59 6.19 26.76 12.20 25.70 21.26 15.00
67.65 13.23 42.65 23.41 45.37 22.69 27.00 26.77 21.87 10.64 12.65 31.26 0.00 25.24 30.13 18.63 27.19 29.48 33.34 12.03 18.20 23.54 50.49 32.92 16.82 28.53 7.42 29.69 19.19 21.93 31.87
80.47 12.01 22.94 18.30 20.73 24.39 6.41 9.21 5.18 16.15 13.94 16.87 25.24 0.00 46.39 9.09 14.37 10.19 8.95 17.19 20.43 12.56 25.82 17.14 9.47 10.72 18.15 6.42 31.12 28.97 7.11
37.54 37.62 51.01 31.03 66.44 24.35 43.81 41.49 41.28 31.82 33.53 39.85 30.13 46.39 0.00 37.31 37.68 43.60 55.28 29.77 26.40 44.54 65.09 41.72 37.31 42.07 35.20 47.09 15.31 18.69 50.30
71.76 7.23 24.49 11.01 29.55 16.04 8.46 8.26 13.85 8.22 6.03 14.31 18.63 9.09 37.31 0.00 10.38 10.92 18.01 8.44 11.58 7.23 32.14 15.56 10.58 10.13 12.86 11.41 22.04 20.14 14.10
68.46 17.56 15.76 6.66 30.11 13.37 8.47 5.38 10.69 16.69 15.07 11.04 27.19 14.37 37.68 10.38 0.00 6.34 21.05 15.25 12.27 13.42 27.53 5.74 12.64 4.85 22.68 11.05 22.98 18.99 14.23
74.79 17.72 13.82 12.67 23.77 19.48 14.18 10.99 8.79 18.90 16.83 7.12 29.48 10.19 43.60 10.92 6.34 0.00 15.18 18.34 17.51 10.01 22.24 7.02 12.99 11.19 23.70 5.09 28.60 24.99 8.05
88.82 20.25 23.85 26.24 12.04 32.71 12.67 15.71 14.01 24.94 22.78 22.25 33.34 8.95 55.28 18.01 21.05 15.18 0.00 26.12 29.13 10.84 20.69 21.77 18.39 16.40 25.99 10.10 39.98 37.59 7.34
65.55 8.28 30.89 11.58 37.87 12.69 16.64 15.64 12.45 14.10 12.30 19.28 12.03 17.19 29.77 8.44 15.25 18.34 26.12 0.00 7.47 15.29 40.28 20.99 7.74 17.18 9.39 19.76 14.92 14.61 22.54
60.18 14.99 27.66 6.17 40.05 5.26 17.41 15.21 15.25 10.25 10.43 15.59 18.20 20.43 26.40 11.58 12.27 17.51 29.13 7.47 0.00 18.67 39.61 17.51 12.35 16.04 16.84 20.70 11.17 8.56 23.90
78.77 10.35 23.33 16.84 22.62 22.75 6.16 8.55 11.55 14.28 12.07 16.28 23.54 12.56 44.54 7.23 13.42 10.01 10.84 15.29 18.67 0.00 27.25 16.75 7.58 10.28 16.56 7.11 29.27 27.22 8.48
93.07 37.52 16.25 34.18 15.14 40.74 23.69 24.82 28.62 40.35 38.13 25.31 50.49 25.82 65.09 32.14 27.53 22.24 20.69 40.28 39.61 27.25 0.00 23.53 33.72 23.64 43.77 20.81 50.51 46.42 18.78
70.38 22.79 10.16 11.44 28.79 17.49 10.73 8.28 14.82 22.38 20.68 12.66 32.92 17.14 41.72 15.56 5.74 7.02 21.77 20.99 17.51 16.75 23.53 0.00 17.83 6.47 28.20 11.92 27.63 23.16 14.44
72.38 4.96 26.67 12.75 30.20 17.18 10.20 10.39 5.12 6.80 4.56 16.59 16.82 9.47 37.31 10.58 12.64 12.99 18.39 7.74 12.35 7.58 33.72 17.83 0.00 12.30 10.71 12.90 22.18 20.80 15.32
73.31 17.15 14.37 11.14 25.27 17.95 4.33 10.23 8.55 17.90 15.90 6.19 28.53 10.72 42.07 10.13 4.85 11.19 16.40 17.18 16.04 10.28 23.64 6.47 12.30 0.00 22.99 6.31 27.10 23.46 9.42
72.28 6.26 37.35 20.54 38.00 22.02 20.75 21.09 15.40 6.73 7.69 26.76 7.42 18.15 35.20 12.86 22.68 23.70 25.99 9.39 16.84 16.56 43.77 28.20 10.71 22.99 0.00 23.12 22.01 23.15 25.01
79.33 16.87 16.55 16.77 19.48 23.50 10.65 5.89 7.82 19.58 17.35 12.20 29.69 6.42 47.09 11.41 11.05 5.09 10.10 19.76 20.70 7.11 20.81 11.92 12.90 6.31 23.12 0.00 31.86 28.76 13.14
50.70 23.10 37.48 16.37 51.14 10.32 28.57 26.36 25.98 17.30 18.72 25.70 19.19 31.12 15.31 22.04 22.98 28.60 39.98 14.92 11.17 29.27 50.51 27.63 22.18 27.10 22.01 31.86 0.00 5.21 35.04
51.63 22.81 32.78 12.36 48.22 5.68 25.52 23.00 23.79 17.35 18.21 21.26 21.93 28.97 18.69 20.14 18.99 24.99 37.59 14.61 8.56 27.22 46.42 23.16 20.80 23.46 23.15 28.76 5.21 0.00 32.01
82.59 18.78 17.32 20.05 16.21 26.77 6.50 9.16 10.21 22.10 19.85 15.00 31.87 7.11 50.30 14.10 14.23 8.05 7.34 22.54 23.90 8.48 18.78 14.44 15.32 9.42 25.01 13.14 35.04 32.01 0.00
0	0	1700	0	0	0
1	48	128	1	0	11
2	89	169	1	0	4
3	140	220	1	0	14
4	249	329	-1	2	0
5	332	412	1	0	26
6	364	444	1	0	20
7	382	462	1	0	9
8	400	480	1	0	21
9	433	513	-1	7	0
10	465	545	1	0	22
11	519	599	-1	1	0
12	579	659	1	0	15
13	618	698	1	0	23
14	681	761	-1	3	0
15	742	822	-1	12	0
16	765	845	1	0	29
17	779	859	1	0	27
18	809	889	1	0	19
19	861	941	-1	18	0
20	873	953	-1	6	0
21	903	983	-1	8	0
22	939	1019	-1	10	0
23	969	1049	-1	13	0
24	989	1069	1	0	28
25	1003	1083	1	0	30
26	1028	1108	-1	5	0
27	1054	1134	-1	17	0
28	1085	1165	-1	24	0
29	1091	1171	-1	16	0
30	1127	1207	-1	25	0
C:
0 3 3 3 3 3 3 3 3 3 3 3 3 3 3 3 3 3 3 3 3 3 3 3 3 3 3 3 3 3 3 3
1 0 1 1 1 1 1 1 1 1 1 1 1 1 1 1 1 1 1 1 1 1 1 1 1 1 1 1 1 1 1 1
2 2 0 2 2 2 2 2 2 2 2 2 2 2 2 2 2 2 2 2 2 2 2 2 2 2 2 2 2 2 2 2
1 1 1 0 1 1 1 1 1 1 1 1 1 1 1 1 1 1 1 1 1 1 1 1 1 1 1 1 1 1 1 1
3 3 3 3 0 3 3 3 3 3 3 3 3 3 3 3 3 3 3 3 3 3 3 3 3 3 3 3 3 3 3 3
1 1 1 1 1 0 1 1 1 1 1 1 1 1 1 1 1 1 1 1 1 1 1 1 1 1 1 1 1 1 1 1
1 1 1 1 1 1 0 1 1 1 1 1 1 1 1 1 1 1 1 1 1 1 1 1 1 1 1 1 1 1 1 1
1 1 1 1 1 1 1 0 1 1 1 1 1 1 1 1 1 1 1 1 1 1 1 1 1 1 1 1 1 1 1 1
1 1 1 1 1 1 1 1 0 1 1 1 1 1 1 1 1 1 1 1 1 1 1 1 1 1 1 1 1 1 1 1
1 1 1 1 1 1 1 1 1 0 1 1 1 1 1 1 1 1 1 1 1 1 1 1 1 1 1 1 1 1 1 1
1 1 1 1 1 1 1 1 1 1 0 1 1 1 1 1 1 1 1 1 1 1 1 1 1 1 1 1 1 1 1 1
1 1 1 1 1 1 1 1 1 1 1 0 1 1 1 1 1 1 1 1 1 1 1 1 1 1 1 1 1 1 1 1
2 2 2 2 2 2 2 2 2 2 2 2 0 2 2 2 2 2 2 2 2 2 2 2 2 2 2 2 2 2 2 2
1 1 1 1 1 1 1 1 1 1 1 1 1 0 1 1 1 1 1 1 1 1 1 1 1 1 1 1 1 1 1 1
3 3 3 3 3 3 3 3 3 3 3 3 3 3 0 3 3 3 3 3 3 3 3 3 3 3 3 3 3 3 3 3
1 1 1 1 1 1 1 1 1 1 1 1 1 1 1 0 1 1 1 1 1 1 1 1 1 1 1 1 1 1 1 1
1 1 1 1 1 1 1 1 1 1 1 1 1 1 1 1 0 1 1 1 1 1 1 1 1 1 1 1 1 1 1 1
1 1 1 1 1 1 1 1 1 1 1 1 1 1 1 1 1 0 1 1 1 1 1 1 1 1 1 1 1 1 1 1
2 2 2 2 2 2 2 2 2 2 2 2 2 2 2 2 2 2 0 2 2 2 2 2 2 2 2 2 2 2 2 2
1 1 1 1 1 1 1 1 1 1 1 1 1 1 1 1 1 1 1 0 1 1 1 1 1 1 1 1 1 1 1 1
1 1 1 1 1 1 1 1 1 1 1 1 1 1 1 1 1 1 1 1 0 1 1 1 1 1 1 1 1 1 1 1
1 1 1 1 1 1 1 1 1 1 1 1 1 1 1 1 1 1 1 1 1 0 1 1 1 1 1 1 1 1 1 1
3 3 3 3 3 3 3 3 3 3 3 3 3 3 3 3 3 3 3 3 3 3 0 3 3 3 3 3 3 3 3 3
1 1 1 1 1 1 1 1 1 1 1 1 1 1 1 1 1 1 1 1 1 1 1 0 1 1 1 1 1 1 1 1
1 1 1 1 1 1 1 1 1 1 1 1 1 1 1 1 1 1 1 1 1 1 1 1 0 1 1 1 1 1 1 1
1 1 1 1 1 1 1 1 1 1 1 1 1 1 1 1 1 1 1 1 1 1 1 1 1 0 1 1 1 1 1 1
2 2 2 2 2 2 2 2 2 2 2 2 2 2 2 2 2 2 2 2 2 2 2 2 2 2 0 2 2 2 2 2
1 1 1 1 1 1 1 1 1 1 1 1 1 1 1 1 1 1 1 1 1 1 1 1 1 1 1 0 1 1 1 1
2 2 2 2 2 2 2 2 2 2 2 2 2 2 2 2 2 2 2 2 2 2 2 2 2 2 2 2 0 2 2 2
2 2 2 2 2 2 2 2 2 2 2 2 2 2 2 2 2 2 2 2 2 2 2 2 2 2 2 2 2 0 2 2
1 1 1 1 1 1 1 1 1 1 1 1 1 1 1 1 1 1 1 1 1 1 1 1 1 1 1 1 1 1 0 1
3 3 3 3 3 3 3 3 3 3 3 3 3 3 3 3 3 3 3 3 3 3 3 3 3 3 3 3 3 3 3 0
Time:
0	15
15	30
30	45
45	60
60	75
75	90
90	105
105	120
120	135
135	150
150	165
165	180
180	195
195	210
210	225
225	240
240	255
255	270
270	285
285	300
300	315
315	330
330	345
345	360
360	375
375	390
390	405
405	420
420	435
435	450
450	465
465	480
480	495
495	510
510	525
525	540
540	555
555	570
570	585
585	600
600	615
615	630
630	645
645	660
660	675
675	690
690	705
705	720
720	735
735	750
750	765
765	780
780	795
795	810
810	825
825	840
840	855
855	870
870	885
885	900
900	915
915	930
930	945
945	960
960	975
975	990
990	1005
1005	1020
1020	1035
1035	1050
1050	1065
1065	1080
1080	2000
Speed:
0.925	0.85	0.925	1	0.8325	0.765	0.8325	0.9	0.4625	0.425	0.4625	0.5	0.30525	0.2805	0.30525	0.33	0.37	0.34	0.37	0.4	0.555	0.51	0.555	0.6	0.6475	0.595	0.6475	0.7	0.37	0.34	0.37	0.4	0.30525	0.2805	0.30525	0.33	0.4625	0.425	0.4625	0.5	0.6475	0.595	0.6475	0.7	0.74	0.68	0.74	0.8	0.6475	0.595	0.6475	0.7	0.4625	0.425	0.4625	0.5	0.555	0.51	0.555	0.6	0.6475	0.595	0.6475	0.7	0.8325	0.765	0.8325	0.9	0.925	0.85	0.925	1	1
0.925	0.85	0.925	1	0.8325	0.765	0.8325	0.9	0.4625	0.425	0.4625	0.5	0.30525	0.2805	0.30525	0.33	0.37	0.34	0.37	0.4	0.555	0.51	0.555	0.6	0.6475	0.595	0.6475	0.7	0.37	0.34	0.37	0.4	0.30525	0.2805	0.30525	0.33	0.4625	0.425	0.4625	0.5	0.6475	0.595	0.6475	0.7	0.74	0.68	0.74	0.8	0.6475	0.595	0.6475	0.7	0.4625	0.425	0.4625	0.5	0.555	0.51	0.555	0.6	0.6475	0.595	0.6475	0.7	0.8325	0.765	0.8325	0.9	0.925	0.85	0.925	1	1
0.925	0.85	0.925	1	0.8325	0.765	0.8325	0.9	0.4625	0.425	0.4625	0.5	0.30525	0.2805	0.30525	0.33	0.37	0.34	0.37	0.4	0.555	0.51	0.555	0.6	0.6475	0.595	0.6475	0.7	0.37	0.34	0.37	0.4	0.30525	0.2805	0.30525	0.33	0.4625	0.425	0.4625	0.5	0.6475	0.595	0.6475	0.7	0.74	0.68	0.74	0.8	0.6475	0.595	0.6475	0.7	0.4625	0.425	0.4625	0.5	0.555	0.51	0.555	0.6	0.6475	0.595	0.6475	0.7	0.8325	0.765	0.8325	0.9	0.925	0.85	0.925	1	1
