31
0.00 80.26 85.14 72.03 68.54 85.65 62.76 90.45 84.58 81.36 46.82 79.45 56.55 72.58 77.67 79.38 68.77 52.81 57.67 68.63 100.17 63.26 70.67 72.93 91.39 69.09 70.85 57.57 80.50 91.10 100.50
80.26 0.00 5.99 21.57 21.51 16.26 17.78 20.79 5.03 10.98 35.66 10.86 23.72 22.74 22.46 10.25 15.87 33.84 22.71 13.35 25.22 17.71 24.43 7.94 12.84 12.16 17.91 35.25 9.22 19.24 41.68
85.14 5.99 0.00 21.67 27.37 12.23 22.38 15.90 8.83 5.00 41.30 6.77 28.79 28.26 20.95 5.92 18.25 39.77 27.47 16.88 19.28 21.97 30.07 13.81 6.89 16.14 18.94 41.23 4.64 14.00 37.04
72.03 21.57 21.67 0.00 35.40 14.92 17.39 18.85 21.98 21.94 36.79 21.35 23.13 38.88 5.84 19.36 8.75 39.55 20.54 12.72 29.16 15.70 39.63 21.89 24.64 14.28 4.49 44.31 18.74 20.06 31.04
68.54 21.51 27.37 35.40 0.00 36.84 19.67 41.86 26.33 22.40 21.85 20.85 18.97 4.83 39.11 22.58 26.70 16.16 20.55 22.68 46.64 21.23 4.42 15.05 33.95 21.15 30.92 14.69 24.37 40.57 62.05
85.65 16.26 12.23 14.92 36.84 0.00 25.13 5.39 13.14 15.81 45.86 16.66 32.03 38.74 11.30 14.58 17.13 46.31 29.91 18.57 14.57 23.95 40.24 21.85 11.33 18.98 14.86 49.27 12.88 5.45 25.44
62.76 17.78 22.38 17.39 19.67 25.13 0.00 30.48 21.84 18.83 20.77 17.01 6.91 23.95 22.38 16.67 9.09 22.32 5.11 6.57 38.79 11.09 24.08 11.64 28.73 6.48 13.30 26.93 17.74 30.32 47.48
90.45 20.79 15.90 18.85 41.86 5.39 30.48 0.00 16.93 20.17 51.23 21.30 37.37 43.50 14.07 19.35 22.29 51.68 35.22 23.92 10.45 29.27 45.10 26.96 12.60 24.36 19.62 54.54 17.58 10.84 21.14
84.58 5.03 8.83 21.98 26.33 13.14 21.84 16.93 0.00 13.83 40.51 5.83 28.15 27.19 21.52 5.22 18.12 38.86 26.91 16.53 20.31 21.50 29.00 12.92 7.81 15.69 19.06 40.24 4.19 15.06 38.06
81.36 10.98 5.00 21.94 22.40 15.81 18.83 20.17 13.83 0.00 36.78 11.76 24.82 23.47 22.54 10.91 16.60 34.91 23.79 14.24 24.27 18.72 25.21 9.05 11.80 13.11 18.42 36.25 9.63 18.53 41.15
46.82 35.66 41.30 36.79 21.85 45.86 20.77 51.23 40.51 36.78 0.00 34.83 13.98 26.16 42.35 35.39 29.53 7.86 16.40 27.31 59.16 22.10 24.49 27.78 48.10 26.94 33.37 14.82 36.88 50.96 67.71
79.45 10.86 6.77 21.35 20.85 16.66 17.01 21.30 5.83 11.76 34.83 0.00 22.90 22.20 22.45 11.05 15.38 33.03 21.92 12.72 25.95 16.97 23.85 7.12 13.64 11.48 17.58 34.50 10.02 19.81 42.10
56.55 23.72 28.79 23.13 18.97 32.03 6.91 37.37 28.15 24.82 13.98 22.90 0.00 23.74 28.54 22.94 15.56 16.65 12.02 13.47 45.67 8.13 23.21 16.51 35.34 13.32 19.48 22.27 24.19 37.23 53.85
72.58 22.74 28.26 38.88 4.83 38.74 23.95 43.50 27.19 23.47 26.16 22.20 23.74 0.00 42.16 24.18 30.31 19.82 25.23 26.25 47.28 25.44 9.25 17.53 34.45 24.63 34.39 16.84 25.93 41.98 64.15
77.67 22.46 20.95 5.84 39.11 11.30 22.38 14.07 21.52 22.54 42.35 22.45 28.54 42.16 0.00 20.27 13.33 44.70 26.00 16.85 24.53 20.77 43.15 24.69 22.28 18.15 9.10 49.09 19.17 15.73 25.36
79.38 10.25 5.92 19.36 22.58 14.58 16.67 19.35 5.22 10.91 35.39 11.05 22.94 24.18 20.27 0.00 13.92 34.06 21.72 11.71 24.59 16.42 25.75 8.15 12.72 10.69 15.75 35.90 9.41 17.99 40.02
68.77 15.87 18.25 8.75 26.70 17.13 9.09 22.29 18.12 16.60 29.53 15.38 15.56 30.31 13.33 13.92 0.00 31.40 13.18 12.60 31.47 7.53 30.96 13.89 23.35 5.72 4.35 35.79 14.07 22.54 38.41
52.81 33.84 39.77 39.55 16.16 46.31 22.32 51.68 38.86 34.91 7.86 33.03 16.65 19.82 44.70 34.06 31.40 0.00 19.27 28.36 58.55 23.94 17.87 25.96 46.65 27.53 35.61 7.05 35.73 51.03 69.74
57.67 22.71 27.47 20.54 20.55 29.91 5.11 35.22 26.91 23.79 16.40 21.92 12.02 25.23 26.00 21.72 13.18 19.27 0.00 11.47 43.78 5.98 24.89 16.00 33.84 11.58 16.98 24.81 22.83 35.19 51.34
68.63 13.35 16.88 12.72 22.68 18.57 6.57 23.92 16.53 14.24 27.31 12.72 13.47 26.25 16.85 11.71 12.60 28.36 11.47 0.00 32.31 5.51 26.92 10.03 22.78 11.35 8.24 32.32 12.33 23.76 41.43
100.17 25.22 19.28 29.16 46.64 14.57 38.79 10.45 20.31 24.27 59.16 25.95 45.67 47.28 24.53 24.59 31.47 58.55 43.78 32.31 0.00 37.81 49.19 32.74 12.85 32.36 29.43 60.44 22.86 9.16 23.59
63.26 17.71 21.97 15.70 21.23 23.95 11.09 29.27 21.50 18.72 22.10 16.97 8.13 25.44 20.77 16.42 7.53 23.94 5.98 5.51 37.81 0.00 25.64 12.20 28.13 5.84 11.67 28.63 17.34 29.21 45.93
70.67 24.43 30.07 39.63 4.42 40.24 24.08 45.10 29.00 25.21 24.49 23.85 23.21 9.25 43.15 25.75 30.96 17.87 24.89 26.92 49.19 25.64 0.00 18.72 36.38 25.35 35.13 14.57 27.52 43.65 65.60
72.93 7.94 13.81 21.89 15.05 21.85 11.64 26.96 12.92 9.05 27.78 7.12 16.51 17.53 24.69 8.15 13.89 25.96 16.00 10.03 32.74 12.20 18.72 0.00 20.70 8.35 17.49 27.80 9.88 25.85 47.00
91.39 12.84 6.89 24.64 33.95 11.33 28.73 12.60 7.81 11.80 48.10 13.64 35.34 34.45 22.28 12.72 23.35 46.65 33.84 22.78 12.85 28.13 36.38 20.70 0.00 22.31 22.96 48.01 11.23 10.15 33.11
69.09 12.16 16.14 14.28 21.15 18.98 6.48 24.36 15.69 13.11 26.94 11.48 13.32 24.63 18.15 10.69 5.72 27.53 11.58 11.35 32.36 5.84 25.35 8.35 22.31 0.00 9.79 31.21 11.52 24.02 42.42
70.85 17.91 18.94 4.49 30.92 14.86 13.30 19.62 19.06 18.42 33.37 17.58 19.48 34.39 9.10 15.75 4.35 35.61 16.98 8.24 29.43 11.67 35.13 17.49 22.96 9.79 0.00 40.12 15.41 20.30 34.37
57.57 35.25 41.23 44.31 14.69 49.27 26.93 54.54 40.24 36.25 14.82 34.50 22.27 16.84 49.09 35.90 35.79 7.05 24.81 32.32 60.44 28.63 14.57 27.80 48.01 31.21 40.12 0.00 37.66 53.59 73.61
80.50 9.22 4.64 18.74 24.37 12.88 17.74 17.58 4.19 9.63 36.88 10.02 24.19 25.93 19.17 9.41 14.07 35.73 22.83 12.33 22.86 17.34 27.52 9.88 11.23 11.52 15.41 37.66 0.00 16.20 38.32
91.10 19.24 14.00 20.06 40.57 5.45 30.32 10.84 15.06 18.53 50.96 19.81 37.23 41.98 15.73 17.99 22.54 51.03 35.19 23.76 9.16 29.21 43.65 25.85 10.15 24.02 20.30 53.59 16.20 0.00 23.22
100.50 41.68 37.04 31.04 62.05 25.44 47.48 21.14 38.06 41.15 67.71 42.10 53.85 64.15 25.36 40.02 38.41 69.74 51.34 41.43 23.59 45.93 65.60 47.00 33.11 42.42 34.37 73.61 38.32 23.22 0.00
0	0	1700	0	0	0
1	57	137	1	0	25
2	64	144	1	0	20
3	95	175	1	0	4
4	214	294	-1	3	0
5	313	393	1	0	27
6	355	435	1	0	19
7	417	497	1	0	22
8	467	547	1	0	13
9	508	588	1	0	14
10	580	660	1	0	21
11	632	712	1	0	26
12	664	744	1	0	23
13	697	777	-1	8	0
14	794	874	-1	9	0
15	841	921	1	0	30
16	865	945	1	0	17
17	914	994	-1	16	0
18	939	1019	1	0	24
19	954	1034	-1	6	0
20	991	1071	-1	2	0
21	1034	1114	-1	10	0
22	1060	1140	-1	7	0
23	1083	1163	-1	12	0
24	1104	1184	-1	18	0
25	1132	1212	-1	1	0
26	1142	1222	-1	11	0
27	1182	1262	-1	5	0
28	1221	1301	1	0	29
29	1237	1317	-1	28	0
30	1267	1347	-1	15	0
C:
0 3 3 3 3 3 3 3 3 3 3 3 3 3 3 3 3 3 3 3 3 3 3 3 3 3 3 3 3 3 3 3
1 0 1 1 1 1 1 1 1 1 1 1 1 1 1 1 1 1 1 1 1 1 1 1 1 1 1 1 1 1 1 1
1 1 0 1 1 1 1 1 1 1 1 1 1 1 1 1 1 1 1 1 1 1 1 1 1 1 1 1 1 1 1 1
2 2 2 0 2 2 2 2 2 2 2 2 2 2 2 2 2 2 2 2 2 2 2 2 2 2 2 2 2 2 2 2
2 2 2 2 0 2 2 2 2 2 2 2 2 2 2 2 2 2 2 2 2 2 2 2 2 2 2 2 2 2 2 2
2 2 2 2 2 0 2 2 2 2 2 2 2 2 2 2 2 2 2 2 2 2 2 2 2 2 2 2 2 2 2 2
1 1 1 1 1 1 0 1 1 1 1 1 1 1 1 1 1 1 1 1 1 1 1 1 1 1 1 1 1 1 1 1
2 2 2 2 2 2 2 0 2 2 2 2 2 2 2 2 2 2 2 2 2 2 2 2 2 2 2 2 2 2 2 2
1 1 1 1 1 1 1 1 0 1 1 1 1 1 1 1 1 1 1 1 1 1 1 1 1 1 1 1 1 1 1 1
1 1 1 1 1 1 1 1 1 0 1 1 1 1 1 1 1 1 1 1 1 1 1 1 1 1 1 1 1 1 1 1
3 3 3 3 3 3 3 3 3 3 0 3 3 3 3 3 3 3 3 3 3 3 3 3 3 3 3 3 3 3 3 3
1 1 1 1 1 1 1 1 1 1 1 0 1 1 1 1 1 1 1 1 1 1 1 1 1 1 1 1 1 1 1 1
1 1 1 1 1 1 1 1 1 1 1 1 0 1 1 1 1 1 1 1 1 1 1 1 1 1 1 1 1 1 1 1
2 2 2 2 2 2 2 2 2 2 2 2 2 0 2 2 2 2 2 2 2 2 2 2 2 2 2 2 2 2 2 2
2 2 2 2 2 2 2 2 2 2 2 2 2 2 0 2 2 2 2 2 2 2 2 2 2 2 2 2 2 2 2 2
1 1 1 1 1 1 1 1 1 1 1 1 1 1 1 0 1 1 1 1 1 1 1 1 1 1 1 1 1 1 1 1
1 1 1 1 1 1 1 1 1 1 1 1 1 1 1 1 0 1 1 1 1 1 1 1 1 1 1 1 1 1 1 1
3 3 3 3 3 3 3 3 3 3 3 3 3 3 3 3 3 0 3 3 3 3 3 3 3 3 3 3 3 3 3 3
1 1 1 1 1 1 1 1 1 1 1 1 1 1 1 1 1 1 0 1 1 1 1 1 1 1 1 1 1 1 1 1
1 1 1 1 1 1 1 1 1 1 1 1 1 1 1 1 1 1 1 0 1 1 1 1 1 1 1 1 1 1 1 1
3 3 3 3 3 3 3 3 3 3 3 3 3 3 3 3 3 3 3 3 0 3 3 3 3 3 3 3 3 3 3 3
1 1 1 1 1 1 1 1 1 1 1 1 1 1 1 1 1 1 1 1 1 0 1 1 1 1 1 1 1 1 1 1
2 2 2 2 2 2 2 2 2 2 2 2 2 2 2 2 2 2 2 2 2 2 0 2 2 2 2 2 2 2 2 2
1 1 1 1 1 1 1 1 1 1 1 1 1 1 1 1 1 1 1 1 1 1 1 0 1 1 1 1 1 1 1 1
2 2 2 2 2 2 2 2 2 2 2 2 2 2 2 2 2 2 2 2 2 2 2 2 0 2 2 2 2 2 2 2
1 1 1 1 1 1 1 1 1 1 1 1 1 1 1 1 1 1 1 1 1 1 1 1 1 0 1 1 1 1 1 1
1 1 1 1 1 1 1 1 1 1 1 1 1 1 1 1 1 1 1 1 1 1 1 1 1 1 0 1 1 1 1 1
3 3 3 3 3 3 3 3 3 3 3 3 3 3 3 3 3 3 3 3 3 3 3 3 3 3 3 0 3 3 3 3
1 1 1 1 1 1 1 1 1 1 1 1 1 1 1 1 1 1 1 1 1 1 1 1 1 1 1 1 0 1 1 1
2 2 2 2 2 2 2 2 2 2 2 2 2 2 2 2 2 2 2 2 2 2 2 2 2 2 2 2 2 0 2 2
3 3 3 3 3 3 3 3 3 3 3 3 3 3 3 3 3 3 3 3 3 3 3 3 3 3 3 3 3 3 0 3
3 3 3 3 3 3 3 3 3 3 3 3 3 3 3 3 3 3 3 3 3 3 3 3 3 3 3 3 3 3 3 0
Time:
0	15
15	30
30	45
45	60
60	75
75	90
90	105
105	120
120	135
135	150
150	165
165	180
180	195
195	210
210	225
225	240
240	255
255	270
270	285
285	300
300	315
315	330
330	345
345	360
360	375
375	390
390	405
405	420
420	435
435	450
450	465
465	480
480	495
495	510
510	525
525	540
540	555
555	570
570	585
585	600
600	615
615	630
630	645
645	660
660	675
675	690
690	705
705	720
720	735
735	750
750	765
765	780
780	795
795	810
810	825
825	840
840	855
855	870
870	885
885	900
900	915
915	930
930	945
945	960
960	975
975	990
990	1005
1005	1020
1020	1035
1035	1050
1050	1065
1065	1080
1080	2000
Speed:
0.925	0.85	0.925	1	0.8325	0.765	0.8325	0.9	0.4625	0.425	0.4625	0.5	0.30525	0.2805	0.30525	0.33	0.37	0.34	0.37	0.4	0.555	0.51	0.555	0.6	0.6475	0.595	0.6475	0.7	0.37	0.34	0.37	0.4	0.30525	0.2805	0.30525	0.33	0.4625	0.425	0.4625	0.5	0.6475	0.595	0.6475	0.7	0.74	0.68	0.74	0.8	0.6475	0.595	0.6475	0.7	0.4625	0.425	0.4625	0.5	0.555	0.51	0.555	0.6	0.6475	0.595	0.6475	0.7	0.8325	0.765	0.8325	0.9	0.925	0.85	0.925	1	1
0.925	0.85	0.925	1	0.8325	0.765	0.8325	0.9	0.4625	0.425	0.4625	0.5	0.30525	0.2805	0.30525	0.33	0.37	0.34	0.37	0.4	0.555	0.51	0.555	0.6	0.6475	0.595	0.6475	0.7	0.37	0.34	0.37	0.4	0.30525	0.2805	0.30525	0.33	0.4625	0.425	0.4625	0.5	0.6475	0.595	0.6475	0.7	0.74	0.68	0.74	0.8	0.6475	0.595	0.6475	0.7	0.4625	0.425	0.4625	0.5	0.555	0.51	0.555	0.6	0.6475	0.595	0.6475	0.7	0.8325	0.765	0.8325	0.9	0.925	0.85	0.925	1	1
0.925	0.85	0.925	1	0.8325	0.765	0.8325	0.9	0.4625	0.425	0.4625	0.5	0.30525	0.2805	0.30525	0.33	0.37	0.34	0.37	0.4	0.555	0.51	0.555	0.6	0.6475	0.595	0.6475	0.7	0.37	0.34	0.37	0.4	0.30525	0.2805	0.30525	0.33	0.4625	0.425	0.4625	0.5	0.6475	0.595	0.6475	0.7	0.74	0.68	0.74	0.8	0.6475	0.595	0.6475	0.7	0.4625	0.425	0.4625	0.5	0.555	0.51	0.555	0.6	0.6475	0.595	0.6475	0.7	0.8325	0.765	0.8325	0.9	0.925	0.85	0.925	1	1
